50001 1306842 
50002 1306844 
50003 1306846 
50004 1306848 
50005 1306850 
50006 1306852 
50007 1306854 
50008 1306856 
50009 1306858 
50010 1306860 
50011 1306862 
50012 1306864 
50013 1306866 
50014 1306868 
50015 1306870 
50016 1306872 
50017 1306874 
50018 1306876 
50019 1306878 
50020 1306880 
50021 1306882 
50022 1306884 
50023 1306886 
50024 1306888 
50025 1306890 
50026 1306892 
50027 1306894 
50028 1306896 
50029 1306898 
50030 1306900 
50031 1306902 
50032 1306904 
50033 1306906 
50034 1306908 
50035 1306910 
50036 1306912 
50037 1306914 
50038 1306916 
50039 1306918 
50040 1306920 
50041 1306922 
50042 1306924 
50043 1306926 
50044 1306928 
50045 1306930 
50046 1306932 
50047 1306934 
50048 1306936 
50049 1306938 
50050 1306940 
50051 1306942 
50052 1306944 
50053 1306946 
50054 1306948 
50055 1306950 
50056 1306952 
50057 1306954 
50058 1306956 
50059 1306958 
50060 1306960 
50061 1306962 
50062 1306964 
50063 1306966 
50064 1306968 
50065 1306970 
50066 5012 
50067 5014 
50068 5016 
50069 4538 
50070 4540 
50071 4542 
50072 4124 
50073 3666 
50074 3248 
50075 3250 
50076 2832 
50077 2834 
50078 2440 
50079 2442 
50080 2000 
50081 2002 
50082 2004 
50083 1586 
50084 1156 
50085 1158 
50086 316 
50087 29294 
50088 29292 
50089 29290 
50090 29292 
50091 29294 
50092 29296 
50093 29298 
50094 29300 
50095 1450665 
50096 1450663 
50097 1450661 
50098 1450659 
50099 1450657 
50100 1450655 
50101 1450653 
50102 1450651 
50103 1450649 
50104 1450647 
50105 1450645 
50106 1450643 
50107 1450641 
50108 1450639 
50109 1450637 
50110 1450635 
50111 1450633 
50112 1450631 
50113 1450629 
50114 1450627 
50115 1450625 
50116 1450623 
50117 1450621 
50118 1450619 
50119 1450617 
50120 1450615 
50121 1450613 
50122 1450611 
50123 1450609 
50124 1450607 
50125 1450605 
50126 1450603 
50127 1450601 
50128 1450599 
50129 1450597 
50130 1450595 
50131 1450593 
50132 1450591 
50133 1450589 
50134 1450587 
50135 1450585 
50136 1450583 
50137 1450581 
50138 1450579 
50139 1450577 
50140 1450575 
50141 1450573 
50142 1450571 
50143 1450569 
50144 1450567 
50145 1450565 
50146 1450563 
50147 1450565 
50148 1450567 
50149 1449329 
50150 1449327 
50151 1449325 
50152 1449323 
50153 1449321 
50154 1449319 
50155 1449317 
50156 1449315 
50157 1449313 
50158 1449311 
50159 1449309 
50160 1449307 
50161 1449305 
50162 1449303 
50163 1449301 
50164 1449299 
50165 1449297 
50166 1449295 
50167 1449293 
50168 1449291 
50169 1449289 
50170 1449287 
50171 1449285 
50172 1449283 
50173 1449281 
50174 1449279 
50175 1449277 
50176 1449275 
50177 1449273 
50178 1449271 
50179 1449269 
50180 1449267 
50181 1449265 
50182 1449263 
50183 1449261 
50184 1449259 
50185 1449257 
50186 1449255 
50187 1449253 
50188 1449251 
50189 1449249 
50190 1449247 
50191 1449245 
50192 1449243 
50193 1449241 
50194 1449239 
50195 1449237 
50196 1449235 
50197 1449233 
50198 1449231 
50199 1449229 
50200 1449227 
50201 1449225 
50202 1449223 
50203 1449221 
50204 1449219 
50205 1449217 
50206 1449215 
50207 1449213 
50208 1449211 
50209 1449209 
50210 1449207 
50211 1449205 
50212 1449203 
50213 1449201 
50214 1449199 
50215 1449197 
50216 1449195 
50217 1449193 
50218 1449191 
50219 1449189 
50220 1449191 
50221 1541653 
50222 1449183 
50223 1450469 
50224 1450467 
50225 1450465 
50226 1450463 
50227 1450461 
50228 1450459 
50229 1450457 
50230 1450455 
50231 1450453 
50232 1450451 
50233 1450449 
50234 1450447 
50235 1450445 
50236 1450443 
50237 1450441 
50238 1450439 
50239 1450437 
50240 1450435 
50241 1450433 
50242 1450431 
50243 1450429 
50244 1450427 
50245 1450425 
50246 1450423 
50247 1450421 
50248 1450419 
50249 1450417 
50250 1450415 
50251 1450413 
50252 1450411 
50253 1450409 
50254 1450407 
50255 1450405 
50256 1450403 
50257 1450401 
50258 1450399 
50259 1450397 
50260 1450395 
50261 1450393 
50262 1450391 
50263 1450389 
50264 1450387 
50265 1450385 
50266 1450383 
50267 1450381 
50268 1450379 
50269 1450377 
50270 1450375 
50271 1450373 
50272 1450371 
50273 1450369 
50274 1450367 
50275 1450365 
50276 1450363 
50277 1450361 
50278 1450359 
50279 1450357 
50280 1450355 
50281 1450353 
50282 1450351 
50283 1450349 
50284 1450347 
50285 1450345 
50286 1450343 
50287 1450341 
50288 1450339 
50289 1450337 
50290 1450335 
50291 1450333 
50292 1450331 
50293 1450329 
50294 1450327 
50295 1450325 
50296 1450323 
50297 1450321 
50298 1450319 
50299 1450317 
50300 1450315 
50301 1450313 
50302 1450311 
50303 1451389 
50304 1451387 
50305 1451385 
50306 1451383 
50307 1451381 
50308 1451379 
50309 1451377 
50310 1451375 
50311 1451373 
50312 1451371 
50313 1451369 
50314 1451367 
50315 1451365 
50316 1451363 
50317 1451361 
50318 1451359 
50319 1451357 
50320 1451355 
50321 1451353 
50322 1451351 
50323 1451349 
50324 1451347 
50325 1451345 
50326 1451343 
50327 1451341 
50328 1451339 
50329 1451337 
50330 1451335 
50331 1451333 
50332 1451331 
50333 1451329 
50334 1451327 
50335 1451325 
50336 1451323 
50337 1451321 
50338 1451319 
50339 1451317 
50340 32440 
50341 32438 
50342 32436 
50343 32434 
50344 32432 
50345 32430 
50346 32428 
50347 32426 
50348 32424 
50349 32422 
50350 32420 
50351 32418 
50352 32416 
50353 32414 
50354 32412 
50355 32410 
50356 32408 
50357 32410 
50358 32400 
50359 171226 
50360 171224 
50361 328394 
50362 328392 
50363 170094 
50364 170096 
50365 43938 
50366 43948 
50367 43946 
50368 43948 
50369 43950 
50370 43456 
50371 43454 
50372 43452 
50373 43450 
50374 43452 
50375 41814 
50376 41816 
50377 41354 
50378 41356 
50379 38162 
50380 38196 
50381 38194 
50382 38192 
50383 44366 
50384 44368 
50385 44370 
50386 44372 
50387 44338 
50388 44336 
50389 44334 
50390 44332 
50391 44334 
50392 43908 
50393 43910 
50394 34920 
50395 3261 
50396 2835 
50397 2837 
50398 2839 
50399 2441 
50400 2003 
50401 1589 
50402 1159 
50403 317 
50404 9568 
50405 9566 
50406 9568 
50407 58394 
50408 9560 
50409 443142 
50410 443140 
50411 443138 
50412 443680 
50413 443678 
50414 443676 
50415 468934 
50416 468932 
50417 476218 
50418 476216 
50419 476214 
50420 477884 
50421 476710 
50422 476708 
50423 477282 
50424 477280 
50425 477278 
50426 477908 
50427 477906 
50428 443152 
50429 443154 
50430 443156 
50431 443158 
50432 443160 
50433 443162 
50434 443164 
50435 470034 
50436 470032 
50437 470030 
50438 470028 
50439 470026 
50440 470024 
50441 470022 
50442 470020 
50443 470018 
50444 470016 
50445 470014 
50446 470012 
50447 470010 
50448 470008 
50449 470006 
50450 470004 
50451 470002 
50452 470000 
50453 469998 
50454 470000 
50455 469990 
50456 470464 
50457 470462 
50458 470460 
50459 470458 
50460 470456 
50461 470454 
50462 470452 
50463 470450 
50464 470448 
50465 470446 
50466 470444 
50467 470442 
50468 470440 
50469 470438 
50470 470436 
50471 470434 
50472 470432 
50473 470430 
50474 470428 
50475 470426 
50476 471416 
50477 471414 
50478 471412 
50479 494638 
50480 494716 
50481 500314 
50482 500312 
50483 500798 
50484 500796 
50485 503138 
50486 503136 
50487 503638 
50488 504828 
50489 504826 
50490 504828 
50491 504830 
50492 504832 
50493 504834 
50494 504836 
50495 9174 
50496 9176 
50497 643761 
50498 9168 
50499 9346 
50500 9344 
50501 9342 
50502 9344 
50503 9346 
50504 9348 
50505 9350 
50506 9352 
50507 9354 
50508 9356 
50509 9358 
50510 9360 
50511 9362 
50512 9364 
50513 9366 
50514 9368 
50515 9370 
50516 9372 
50517 9374 
50518 9376 
50519 9378 
50520 9380 
50521 9382 
50522 9384 
50523 9386 
50524 9388 
50525 9390 
50526 9392 
50527 9394 
50528 9396 
50529 9398 
50530 9400 
50531 9402 
50532 9404 
50533 9406 
50534 9408 
50535 9410 
50536 9412 
50537 9414 
50538 9900 
50539 9898 
50540 9896 
50541 274941 
50542 274939 
50543 177673 
50544 177671 
50545 177673 
50546 177675 
50547 10026 
50548 10024 
50549 10022 
50550 10020 
50551 10018 
50552 10016 
50553 10014 
50554 10012 
50555 10010 
50556 10008 
50557 10006 
50558 10004 
50559 10002 
50560 10000 
50561 9998 
50562 9996 
50563 9994 
50564 9992 
50565 9990 
50566 9988 
50567 9986 
50568 9984 
50569 9982 
50570 9980 
50571 9978 
50572 9976 
50573 9974 
50574 9972 
50575 9970 
50576 9968 
50577 9970 
50578 24996 
50579 9962 
50580 10184 
50581 10186 
50582 10188 
50583 10190 
50584 10192 
50585 10194 
50586 10196 
50587 10198 
50588 10200 
50589 43702 
50590 43700 
50591 43698 
50592 1732056 
50593 1732054 
50594 1733220 
50595 1733218 
50596 1733216 
50597 1733214 
50598 1733212 
50599 1733210 
50600 1733208 
50601 1733206 
50602 1733204 
50603 1733202 
50604 1733200 
50605 1733198 
50606 1733196 
50607 1733194 
50608 1733192 
50609 1733190 
50610 44604 
50611 44602 
50612 44600 
50613 44598 
50614 44596 
50615 44594 
50616 44592 
50617 44590 
50618 44592 
50619 44594 
50620 44500 
50621 44502 
50622 44504 
50623 44350 
50624 314024 
50625 314022 
50626 314020 
50627 314022 
50628 314024 
50629 314026 
50630 314028 
50631 314030 
50632 314032 
50633 314034 
50634 314036 
50635 314038 
50636 314040 
50637 314042 
50638 314044 
50639 314046 
50640 314048 
50641 314050 
50642 44448 
50643 44414 
50644 120848 
50645 124834 
50646 125528 
50647 125526 
50648 125524 
50649 131202 
50650 131204 
50651 131206 
50652 130568 
50653 130570 
50654 130572 
50655 129946 
50656 129948 
50657 129950 
50658 126916 
50659 151546 
50660 152536 
50661 162922 
50662 162920 
50663 162918 
50664 172104 
50665 172102 
50666 172100 
50667 173562 
50668 173560 
50669 173558 
50670 173556 
50671 173554 
50672 173552 
50673 173550 
50674 173552 
50675 173554 
50676 123744 
50677 123746 
50678 123212 
50679 123210 
50680 123212 
50681 111726 
50682 111728 
50683 111206 
50684 111208 
50685 111210 
50686 103828 
50687 99314 
50688 100888 
50689 8626 
50690 8628 
50691 8122 
50692 8124 
50693 8126 
50694 7692 
50695 7694 
50696 7696 
50697 7202 
50698 6768 
50699 6770 
50700 6772 
50701 6290 
50702 6292 
50703 5042 
50704 5044 
50705 4570 
50706 4572 
50707 4574 
50708 4156 
50709 3694 
50710 3272 
50711 2854 
50712 2456 
50713 2458 
50714 2460 
50715 2014 
50716 1596 
50717 1598 
50718 1164 
50719 1166 
50720 1168 
50721 318 
50722 412664 
50723 412666 
50724 413076 
50725 413074 
50726 413580 
50727 413578 
50728 413576 
50729 414026 
50730 414532 
50731 414530 
50732 414528 
50733 436630 
50734 436628 
50735 436626 
50736 443232 
50737 433678 
50738 431940 
50739 431942 
50740 431944 
50741 431058 
50742 431060 
50743 431062 
50744 430184 
50745 430186 
50746 430188 
50747 428998 
50748 434736 
50749 436742 
50750 436740 
50751 437822 
50752 438340 
50753 438338 
50754 438336 
50755 438338 
50756 438340 
50757 438342 
50758 438396 
50759 438394 
50760 438392 
50761 438390 
50762 438388 
50763 438386 
50764 438384 
50765 438382 
50766 438380 
50767 438378 
50768 438376 
50769 438374 
50770 438372 
50771 438370 
50772 438368 
50773 438366 
50774 438364 
50775 438362 
50776 438360 
50777 438358 
50778 445620 
50779 440794 
50780 426024 
50781 425314 
50782 425316 
50783 424546 
50784 424548 
50785 424550 
50786 416492 
50787 416494 
50788 416496 
50789 401346 
50790 401344 
50791 401342 
50792 401340 
50793 401338 
50794 401336 
50795 401334 
50796 401332 
50797 401330 
50798 401328 
50799 401326 
50800 401324 
50801 401322 
50802 401320 
50803 401318 
50804 401316 
50805 401314 
50806 401312 
50807 401310 
50808 401308 
50809 401306 
50810 401304 
50811 401302 
50812 401300 
50813 401298 
50814 401296 
50815 401294 
50816 401292 
50817 401290 
50818 401288 
50819 401286 
50820 401284 
50821 401282 
50822 401280 
50823 401278 
50824 401276 
50825 401274 
50826 401272 
50827 401270 
50828 401268 
50829 401266 
50830 401264 
50831 401262 
50832 401260 
50833 401258 
50834 401256 
50835 401254 
50836 401252 
50837 401250 
50838 401248 
50839 401246 
50840 401244 
50841 401242 
50842 401240 
50843 401238 
50844 401236 
50845 401234 
50846 401232 
50847 401230 
50848 402164 
50849 402162 
50850 402160 
50851 402158 
50852 402156 
50853 402154 
50854 402152 
50855 402150 
50856 402148 
50857 402146 
50858 402144 
50859 402142 
50860 402140 
50861 402138 
50862 402136 
50863 402134 
50864 402132 
50865 402130 
50866 402128 
50867 402126 
50868 402124 
50869 402122 
50870 402120 
50871 402118 
50872 402116 
50873 402114 
50874 402112 
50875 402110 
50876 402108 
50877 402106 
50878 402104 
50879 402102 
50880 402100 
50881 402098 
50882 402096 
50883 402094 
50884 402092 
50885 402090 
50886 402088 
50887 402086 
50888 402084 
50889 402082 
50890 402080 
50891 402078 
50892 402076 
50893 402074 
50894 402072 
50895 402070 
50896 402068 
50897 402066 
50898 402064 
50899 402062 
50900 402060 
50901 402058 
50902 402056 
50903 402054 
50904 402052 
50905 402050 
50906 402048 
50907 402046 
50908 402044 
50909 402042 
50910 402040 
50911 402038 
50912 402036 
50913 402034 
50914 402032 
50915 402030 
50916 402028 
50917 402026 
50918 402024 
50919 402022 
50920 402020 
50921 402018 
50922 402016 
50923 402014 
50924 402012 
50925 402010 
50926 402008 
50927 402006 
50928 402004 
50929 402002 
50930 402000 
50931 401998 
50932 401996 
50933 401994 
50934 401992 
50935 401990 
50936 401992 
50937 401494 
50938 401492 
50939 401490 
50940 401488 
50941 401486 
50942 401484 
50943 401482 
50944 401480 
50945 401478 
50946 401476 
50947 401474 
50948 401472 
50949 401470 
50950 401468 
50951 401466 
50952 401464 
50953 401462 
50954 401460 
50955 401458 
50956 401456 
50957 401454 
50958 401452 
50959 401450 
50960 401448 
50961 401446 
50962 401444 
50963 401442 
50964 401440 
50965 401438 
50966 401436 
50967 401434 
50968 401432 
50969 401430 
50970 401428 
50971 401426 
50972 401424 
50973 401422 
50974 401420 
50975 401418 
50976 401416 
50977 401414 
50978 401412 
50979 401410 
50980 401408 
50981 401406 
50982 401404 
50983 401402 
50984 401400 
50985 401398 
50986 401396 
50987 401394 
50988 401392 
50989 401390 
50990 401388 
50991 401386 
50992 401384 
50993 401382 
50994 401380 
50995 401378 
50996 401376 
50997 401946 
50998 401944 
50999 401942 
51000 401940 
51001 401938 
51002 401936 
51003 401934 
51004 401932 
51005 401930 
51006 401928 
51007 401926 
51008 401924 
51009 401922 
51010 401920 
51011 401918 
51012 401916 
51013 401914 
51014 401912 
51015 401910 
51016 401908 
51017 401906 
51018 401904 
51019 401902 
51020 401900 
51021 401898 
51022 401896 
51023 401894 
51024 401892 
51025 401890 
51026 401892 
51027 401894 
51028 3279 
51029 3281 
51030 2859 
51031 2861 
51032 2463 
51033 2465 
51034 2019 
51035 2021 
51036 2023 
51037 1601 
51038 1167 
51039 1169 
51040 319 
51041 1083670 
51042 1083672 
51043 1083674 
51044 1083676 
51045 1083678 
51046 1083680 
51047 1083682 
51048 1083684 
51049 1083686 
51050 1083688 
51051 1083690 
51052 1083692 
51053 1083694 
51054 1083696 
51055 1083698 
51056 1083700 
51057 1083702 
51058 1083704 
51059 1083706 
51060 1083708 
51061 1083710 
51062 1083712 
51063 1083714 
51064 1083716 
51065 1083718 
51066 1083720 
51067 1083722 
51068 1083724 
51069 1083726 
51070 1083728 
51071 1083730 
51072 1083732 
51073 1083734 
51074 1083736 
51075 1083738 
51076 1083740 
51077 1083742 
51078 1083744 
51079 1083746 
51080 1083748 
51081 1083750 
51082 1083752 
51083 1083754 
51084 1083756 
51085 1083758 
51086 1083760 
51087 1083762 
51088 1083764 
51089 1083766 
51090 1083768 
51091 1083770 
51092 1083772 
51093 1083774 
51094 1083776 
51095 1083778 
51096 1083780 
51097 1089702 
51098 1089704 
51099 1089706 
51100 1089708 
51101 1089710 
51102 1089712 
51103 1089714 
51104 1089716 
51105 1089718 
51106 1089720 
51107 1089722 
51108 1089724 
51109 1089726 
51110 1089728 
51111 1089730 
51112 1089732 
51113 1089734 
51114 1089736 
51115 1089738 
51116 1089740 
51117 1089742 
51118 1089744 
51119 1089746 
51120 1089748 
51121 1089750 
51122 1089752 
51123 1089754 
51124 1089756 
51125 1089758 
51126 1089760 
51127 1089762 
51128 1089764 
51129 1077738 
51130 1077740 
51131 1077742 
51132 1077744 
51133 1077746 
51134 1077748 
51135 1077750 
51136 1077752 
51137 1077754 
51138 1077756 
51139 1077758 
51140 1077760 
51141 1077762 
51142 1077764 
51143 1077766 
51144 1077768 
51145 1077770 
51146 1077772 
51147 1077774 
51148 1077776 
51149 1077778 
51150 1077780 
51151 1077782 
51152 1077784 
51153 1077786 
51154 1077788 
51155 1077790 
51156 1077792 
51157 1077794 
51158 1077796 
51159 1077798 
51160 1077800 
51161 1077802 
51162 1077804 
51163 1077806 
51164 1077808 
51165 1077810 
51166 1077812 
51167 1077814 
51168 1077816 
51169 1077818 
51170 1077820 
51171 1077822 
51172 1077824 
51173 1077826 
51174 1077828 
51175 1077830 
51176 1077832 
51177 1077834 
51178 1077836 
51179 1077838 
51180 1077840 
51181 1077842 
51182 1077844 
51183 1077846 
51184 1077848 
51185 1077850 
51186 1077852 
51187 1077854 
51188 1077856 
51189 1077858 
51190 1077860 
51191 1077862 
51192 1077864 
51193 1077866 
51194 1077868 
51195 1077870 
51196 1077872 
51197 1077874 
51198 1077876 
51199 1077878 
51200 1077880 
51201 1077882 
51202 1077884 
51203 1077886 
51204 1077888 
51205 1077890 
51206 1077892 
51207 1077894 
51208 1077896 
51209 1077898 
51210 1077900 
51211 1077902 
51212 1077904 
51213 1077906 
51214 1077908 
51215 1077910 
51216 1077912 
51217 1077914 
51218 1077916 
51219 1077918 
51220 1077920 
51221 1077922 
51222 1077924 
51223 1077926 
51224 1077928 
51225 1077930 
51226 1077932 
51227 1077934 
51228 1077936 
51229 1077938 
51230 1077940 
51231 1077942 
51232 1077944 
51233 1077946 
51234 1077948 
51235 1077950 
51236 1077952 
51237 1077954 
51238 1077956 
51239 1077958 
51240 1077960 
51241 1077962 
51242 1077964 
51243 1077966 
51244 1077968 
51245 1077970 
51246 1077972 
51247 1077974 
51248 1077976 
51249 1077978 
51250 1077980 
51251 1077982 
51252 1077984 
51253 1077986 
51254 1077988 
51255 1077990 
51256 1077992 
51257 1077994 
51258 1077996 
51259 1077998 
51260 1078000 
51261 1078002 
51262 1078004 
51263 1078006 
51264 1078008 
51265 1078010 
51266 1078012 
51267 1078014 
51268 1078016 
51269 1078018 
51270 1078020 
51271 1078022 
51272 1078024 
51273 1078026 
51274 1078028 
51275 1078030 
51276 1078032 
51277 1078034 
51278 1078036 
51279 1078038 
51280 1078040 
51281 1078042 
51282 1078044 
51283 1078046 
51284 1078048 
51285 1078050 
51286 1078052 
51287 1078054 
51288 1078056 
51289 1078058 
51290 1078060 
51291 1078062 
51292 1078064 
51293 1078066 
51294 1078068 
51295 1078070 
51296 1078072 
51297 1078074 
51298 1078076 
51299 1078078 
51300 1078080 
51301 1078082 
51302 1078084 
51303 1078086 
51304 1078088 
51305 1078090 
51306 1078092 
51307 1078094 
51308 1078096 
51309 1078098 
51310 1078100 
51311 1078102 
51312 1078104 
51313 1078106 
51314 1078108 
51315 1078110 
51316 1078112 
51317 1078114 
51318 1078116 
51319 1078118 
51320 1078120 
51321 1078122 
51322 1078124 
51323 1078126 
51324 1078128 
51325 1078130 
51326 1078132 
51327 1078134 
51328 1078136 
51329 1078138 
51330 1078140 
51331 1078142 
51332 1078144 
51333 1078146 
51334 1078148 
51335 1078150 
51336 1078152 
51337 1078154 
51338 1078156 
51339 1078158 
51340 1078160 
51341 1078162 
51342 1078164 
51343 1078166 
51344 1078168 
51345 1078170 
51346 1078172 
51347 1078174 
51348 1078176 
51349 1078178 
51350 1078180 
51351 1078182 
51352 3292 
51353 2862 
51354 2864 
51355 2866 
51356 2464 
51357 2022 
51358 1604 
51359 1170 
51360 320 
51361 2136937 
51362 2136935 
51363 2136933 
51364 2136935 
51365 2136937 
51366 2136939 
51367 2136941 
51368 2136943 
51369 2136945 
51370 2136947 
51371 2136949 
51372 1075204 
51373 9858605 
51374 1075212 
51375 1075210 
51376 1075212 
51377 1075214 
51378 1075216 
51379 1075218 
51380 1075220 
51381 1075222 
51382 1075224 
51383 1075226 
51384 1075228 
51385 1075230 
51386 1075232 
51387 1075234 
51388 1075236 
51389 1075238 
51390 1075240 
51391 1075242 
51392 1075244 
51393 1075246 
51394 1075248 
51395 1075250 
51396 1075252 
51397 1075254 
51398 1075256 
51399 1075258 
51400 1075260 
51401 1075262 
51402 1075264 
51403 1075266 
51404 1075268 
51405 1075270 
51406 1075272 
51407 1074334 
51408 4213452 
51409 1074350 
51410 1074348 
51411 2149101 
51412 2149099 
51413 2149101 
51414 2149103 
51415 2149105 
51416 2149107 
51417 2149109 
51418 2149111 
51419 2149113 
51420 2149115 
51421 2149117 
51422 2149119 
51423 2149121 
51424 2149123 
51425 2149125 
51426 2149127 
51427 2149129 
51428 2149131 
51429 2149133 
51430 2149135 
51431 2149137 
51432 2149139 
51433 2149141 
51434 2149143 
51435 2149145 
51436 2149147 
51437 2149149 
51438 2149151 
51439 2149153 
51440 2149155 
51441 2149157 
51442 2149159 
51443 2149161 
51444 2149163 
51445 2149165 
51446 2149167 
51447 2149169 
51448 2149171 
51449 2149173 
51450 2149175 
51451 2149177 
51452 2149179 
51453 2149181 
51454 2149183 
51455 2149185 
51456 2149187 
51457 2149189 
51458 2149191 
51459 2149193 
51460 2149195 
51461 2149197 
51462 2149199 
51463 2149201 
51464 2149203 
51465 2149205 
51466 2149207 
51467 2149209 
51468 2149211 
51469 2149213 
51470 2149215 
51471 2149217 
51472 2149219 
51473 537497 
51474 537507 
51475 537505 
51476 537507 
51477 537509 
51478 537511 
51479 537513 
51480 537515 
51481 537517 
51482 537519 
51483 537521 
51484 537523 
51485 537525 
51486 537527 
51487 1119326 
51488 1119324 
51489 1119326 
51490 1119328 
51491 1119330 
51492 1119332 
51493 1119334 
51494 1119336 
51495 1119338 
51496 1119340 
51497 1119342 
51498 1119344 
51499 1119346 
51500 1119348 
51501 1119350 
51502 1119352 
51503 1119354 
51504 1119356 
51505 1119358 
51506 1119360 
51507 1119362 
51508 1119364 
51509 1119366 
51510 1119368 
51511 1119370 
51512 1119372 
51513 1119374 
51514 1119376 
51515 1119378 
51516 1119380 
51517 1119382 
51518 1119384 
51519 1119386 
51520 1119388 
51521 1119390 
51522 1119392 
51523 1119394 
51524 1119396 
51525 1119398 
51526 1119400 
51527 1119402 
51528 1119404 
51529 1119406 
51530 1119408 
51531 1119410 
51532 1119412 
51533 1119414 
51534 1119416 
51535 1119418 
51536 1119420 
51537 1119422 
51538 1119424 
51539 1119426 
51540 1119428 
51541 1119430 
51542 1119432 
51543 1119434 
51544 1119436 
51545 1119438 
51546 1119440 
51547 1119442 
51548 1119444 
51549 1119446 
51550 1119448 
51551 1119450 
51552 1119452 
51553 1119454 
51554 1119456 
51555 1119458 
51556 1119460 
51557 1119462 
51558 1119464 
51559 1119466 
51560 1119468 
51561 1119470 
51562 1119472 
51563 1119474 
51564 1119476 
51565 1119478 
51566 1119480 
51567 2490137 
51568 2490135 
51569 2490133 
51570 2490135 
51571 2490137 
51572 2490139 
51573 2490141 
51574 2490143 
51575 2490145 
51576 2490147 
51577 2490149 
51578 2490151 
51579 2490153 
51580 2490155 
51581 2490157 
51582 2490159 
51583 2490161 
51584 2490163 
51585 2490165 
51586 2490167 
51587 2490169 
51588 2490171 
51589 2490173 
51590 2490175 
51591 2490177 
51592 2490179 
51593 2490181 
51594 2490183 
51595 2490185 
51596 2490187 
51597 2490189 
51598 2490191 
51599 2490193 
51600 2490195 
51601 2490197 
51602 2490199 
51603 2490201 
51604 2490203 
51605 2490205 
51606 2490207 
51607 2490209 
51608 2490211 
51609 2490213 
51610 2490215 
51611 2490217 
51612 2490219 
51613 2490221 
51614 2490223 
51615 2490225 
51616 2490227 
51617 538333 
51618 538331 
51619 538329 
51620 538327 
51621 538325 
51622 538323 
51623 538321 
51624 538319 
51625 538317 
51626 538315 
51627 538313 
51628 538311 
51629 538309 
51630 538307 
51631 538305 
51632 538303 
51633 538301 
51634 538299 
51635 538297 
51636 538295 
51637 538293 
51638 538291 
51639 538289 
51640 538287 
51641 538285 
51642 538283 
51643 538281 
51644 538279 
51645 538277 
51646 538275 
51647 538273 
51648 538271 
51649 538269 
51650 538267 
51651 538265 
51652 538263 
51653 538261 
51654 538259 
51655 538261 
51656 538263 
51657 538265 
51658 538267 
51659 538269 
51660 538271 
51661 538273 
51662 5111 
51663 4629 
51664 4207 
51665 4209 
51666 4211 
51667 3733 
51668 3735 
51669 3737 
51670 3303 
51671 2881 
51672 2479 
51673 2481 
51674 2483 
51675 2033 
51676 1611 
51677 1613 
51678 1175 
51679 1177 
51680 1179 
51681 321 
51682 836347 
51683 836345 
51684 837407 
51685 837405 
51686 837403 
51687 837401 
51688 837399 
51689 837397 
51690 837395 
51691 837393 
51692 837391 
51693 837389 
51694 837387 
51695 837385 
51696 837383 
51697 837381 
51698 837379 
51699 837377 
51700 837375 
51701 837373 
51702 837371 
51703 837369 
51704 837367 
51705 837365 
51706 837363 
51707 837361 
51708 837359 
51709 837357 
51710 837355 
51711 837353 
51712 837351 
51713 837349 
51714 837347 
51715 837345 
51716 837343 
51717 837341 
51718 837339 
51719 837337 
51720 837335 
51721 837333 
51722 837331 
51723 837329 
51724 837327 
51725 837325 
51726 837323 
51727 837321 
51728 837319 
51729 837317 
51730 837315 
51731 837313 
51732 837311 
51733 837309 
51734 837307 
51735 837305 
51736 837303 
51737 837301 
51738 837299 
51739 837297 
51740 837295 
51741 837293 
51742 837291 
51743 837289 
51744 837287 
51745 837285 
51746 837283 
51747 837281 
51748 837279 
51749 837277 
51750 837275 
51751 837273 
51752 837271 
51753 837269 
51754 837267 
51755 837265 
51756 837263 
51757 837261 
51758 837259 
51759 837257 
51760 837255 
51761 837253 
51762 837251 
51763 837249 
51764 837247 
51765 837245 
51766 837243 
51767 837241 
51768 837239 
51769 837237 
51770 837235 
51771 837233 
51772 837231 
51773 837229 
51774 837227 
51775 837225 
51776 837223 
51777 837221 
51778 837219 
51779 837217 
51780 837215 
51781 837213 
51782 837211 
51783 837209 
51784 837207 
51785 837205 
51786 837203 
51787 837201 
51788 837199 
51789 837197 
51790 837195 
51791 837193 
51792 837191 
51793 837189 
51794 837187 
51795 837185 
51796 837183 
51797 837181 
51798 837179 
51799 837177 
51800 837175 
51801 837173 
51802 837171 
51803 837169 
51804 837167 
51805 837165 
51806 837163 
51807 837161 
51808 837159 
51809 837157 
51810 837155 
51811 837153 
51812 837151 
51813 837149 
51814 837147 
51815 837145 
51816 837143 
51817 837141 
51818 837139 
51819 837137 
51820 837135 
51821 837133 
51822 837131 
51823 837129 
51824 837127 
51825 837125 
51826 837123 
51827 837121 
51828 837119 
51829 837117 
51830 837115 
51831 837113 
51832 837111 
51833 837109 
51834 837107 
51835 837105 
51836 837103 
51837 837101 
51838 837099 
51839 837097 
51840 837095 
51841 837093 
51842 837091 
51843 837089 
51844 837087 
51845 837085 
51846 837083 
51847 837081 
51848 837079 
51849 837077 
51850 837075 
51851 837073 
51852 837071 
51853 837069 
51854 837067 
51855 837065 
51856 837063 
51857 837061 
51858 837059 
51859 837057 
51860 837055 
51861 837053 
51862 837051 
51863 837049 
51864 837047 
51865 837045 
51866 837043 
51867 837041 
51868 837039 
51869 837037 
51870 837035 
51871 837033 
51872 837031 
51873 837029 
51874 837027 
51875 837025 
51876 837023 
51877 837021 
51878 837019 
51879 837017 
51880 837015 
51881 837013 
51882 837011 
51883 837009 
51884 837007 
51885 837005 
51886 837003 
51887 837001 
51888 836999 
51889 836997 
51890 836995 
51891 836993 
51892 836991 
51893 836989 
51894 836987 
51895 836985 
51896 836983 
51897 836981 
51898 836979 
51899 836977 
51900 836975 
51901 836973 
51902 836971 
51903 836969 
51904 836967 
51905 836965 
51906 836963 
51907 836961 
51908 836959 
51909 836957 
51910 836955 
51911 836953 
51912 836951 
51913 836949 
51914 836947 
51915 836945 
51916 836943 
51917 836941 
51918 836939 
51919 836937 
51920 836935 
51921 836933 
51922 836931 
51923 836929 
51924 836927 
51925 836925 
51926 836923 
51927 836921 
51928 836919 
51929 836917 
51930 836915 
51931 836913 
51932 836911 
51933 836909 
51934 836907 
51935 836905 
51936 836903 
51937 836901 
51938 836899 
51939 836897 
51940 836895 
51941 836893 
51942 836891 
51943 836889 
51944 836887 
51945 836885 
51946 836883 
51947 836881 
51948 836879 
51949 836877 
51950 836875 
51951 836873 
51952 836871 
51953 836869 
51954 837879 
51955 837877 
51956 837875 
51957 837873 
51958 837871 
51959 837869 
51960 837867 
51961 837865 
51962 837863 
51963 837861 
51964 837859 
51965 837857 
51966 837855 
51967 837853 
51968 837851 
51969 837849 
51970 837847 
51971 837845 
51972 837843 
51973 837841 
51974 837839 
51975 837837 
51976 837835 
51977 837833 
51978 837831 
51979 837829 
51980 837827 
51981 837825 
51982 837823 
51983 837821 
51984 837819 
51985 837817 
51986 837815 
51987 837813 
51988 837811 
51989 837809 
51990 837807 
51991 3310 
51992 3312 
51993 2886 
51994 2888 
51995 2486 
51996 2488 
51997 2038 
51998 2040 
51999 2042 
52000 1616 
52001 1178 
52002 1180 
52003 322 
52004 217956 
52005 217954 
52006 217952 
52007 479186 
52008 479184 
52009 500958 
52010 500956 
52011 524866 
52012 560080 
52013 560082 
52014 560084 
52015 560086 
52016 560088 
52017 560090 
52018 560092 
52019 560094 
52020 560096 
52021 560098 
52022 560100 
52023 560102 
52024 560104 
52025 560106 
52026 560108 
52027 560110 
52028 560112 
52029 560114 
52030 560116 
52031 560118 
52032 560120 
52033 560122 
52034 560124 
52035 560126 
52036 560128 
52037 560130 
52038 560132 
52039 560134 
52040 560136 
52041 559554 
52042 559556 
52043 477382 
52044 477416 
52045 477418 
52046 477420 
52047 477422 
52048 477424 
52049 477426 
52050 477428 
52051 477430 
52052 477432 
52053 477434 
52054 477436 
52055 477438 
52056 477440 
52057 477442 
52058 477444 
52059 477446 
52060 477448 
52061 477450 
52062 540096 
52063 540094 
52064 540092 
52065 540090 
52066 540088 
52067 540086 
52068 540084 
52069 540082 
52070 540080 
52071 540078 
52072 540076 
52073 540074 
52074 636784 
52075 636782 
52076 636864 
52077 636862 
52078 636860 
52079 636858 
52080 636856 
52081 636854 
52082 636852 
52083 636850 
52084 636848 
52085 636846 
52086 636844 
52087 636842 
52088 636840 
52089 636838 
52090 636836 
52091 636834 
52092 636832 
52093 636830 
52094 636828 
52095 636826 
52096 636824 
52097 636822 
52098 636820 
52099 636818 
52100 636816 
52101 636814 
52102 636812 
52103 667922 
52104 477352 
52105 477354 
52106 477356 
52107 477358 
52108 477360 
52109 477362 
52110 477364 
52111 477366 
52112 477368 
52113 477370 
52114 477372 
52115 477374 
52116 477376 
52117 477378 
52118 477380 
52119 477382 
52120 477384 
52121 477386 
52122 477388 
52123 646914 
52124 646912 
52125 646910 
52126 646908 
52127 646906 
52128 646904 
52129 646902 
52130 646900 
52131 646898 
52132 646896 
52133 646894 
52134 646892 
52135 646890 
52136 646888 
52137 646886 
52138 646884 
52139 646882 
52140 646884 
52141 646130 
52142 646132 
52143 646134 
52144 600632 
52145 600634 
52146 591928 
52147 591930 
52148 591236 
52149 591238 
52150 591240 
52151 494838 
52152 476784 
52153 219066 
52154 219064 
52155 219062 
52156 219060 
52157 219058 
52158 219056 
52159 219054 
52160 219052 
52161 219050 
52162 219048 
52163 219046 
52164 219044 
52165 219042 
52166 219040 
52167 219038 
52168 219036 
52169 219034 
52170 219032 
52171 219030 
52172 219028 
52173 219026 
52174 219024 
52175 219022 
52176 219020 
52177 219018 
52178 219016 
52179 219014 
52180 219012 
52181 219010 
52182 219008 
52183 219006 
52184 219004 
52185 219002 
52186 219000 
52187 218998 
52188 218996 
52189 218994 
52190 218992 
52191 218990 
52192 218988 
52193 218986 
52194 218984 
52195 218982 
52196 218980 
52197 218978 
52198 218976 
52199 218974 
52200 218972 
52201 218970 
52202 218968 
52203 218966 
52204 218964 
52205 218962 
52206 218960 
52207 218958 
52208 218956 
52209 218954 
52210 218952 
52211 218950 
52212 218948 
52213 218946 
52214 218944 
52215 218942 
52216 218940 
52217 218938 
52218 218936 
52219 218934 
52220 218932 
52221 218930 
52222 218928 
52223 218926 
52224 218924 
52225 218922 
52226 218920 
52227 218918 
52228 218916 
52229 218914 
52230 218912 
52231 218910 
52232 218908 
52233 218906 
52234 218904 
52235 218902 
52236 218900 
52237 218898 
52238 218896 
52239 218894 
52240 218892 
52241 218890 
52242 218888 
52243 218886 
52244 218884 
52245 218882 
52246 218880 
52247 218878 
52248 218876 
52249 218874 
52250 218872 
52251 218870 
52252 218868 
52253 218866 
52254 218864 
52255 218862 
52256 218860 
52257 218858 
52258 218856 
52259 218854 
52260 218852 
52261 218850 
52262 218848 
52263 218846 
52264 218844 
52265 218842 
52266 218840 
52267 218838 
52268 218836 
52269 218834 
52270 218832 
52271 218830 
52272 218828 
52273 218826 
52274 218824 
52275 218822 
52276 218820 
52277 218818 
52278 218816 
52279 218814 
52280 218812 
52281 218810 
52282 218808 
52283 218806 
52284 218804 
52285 218802 
52286 218800 
52287 218798 
52288 218796 
52289 218794 
52290 218792 
52291 218790 
52292 218788 
52293 218786 
52294 218784 
52295 218782 
52296 218780 
52297 218778 
52298 218776 
52299 218774 
52300 218772 
52301 218770 
52302 218768 
52303 218766 
52304 218764 
52305 218762 
52306 218760 
52307 218758 
52308 218756 
52309 218754 
52310 218752 
52311 218750 
52312 218748 
52313 218746 
52314 218744 
52315 218742 
52316 218740 
52317 218738 
52318 3323 
52319 2889 
52320 2891 
52321 2893 
52322 2487 
52323 2041 
52324 1619 
52325 1181 
52326 323 
52327 7526 
52328 7524 
52329 7522 
52330 315131 
52331 315129 
52332 354627 
52333 354625 
52334 354623 
52335 354625 
52336 354627 
52337 354629 
52338 354631 
52339 354633 
52340 354635 
52341 354637 
52342 354639 
52343 354641 
52344 354643 
52345 354645 
52346 354647 
52347 354649 
52348 354651 
52349 354653 
52350 354655 
52351 354657 
52352 354659 
52353 354661 
52354 354663 
52355 354665 
52356 354667 
52357 354669 
52358 354671 
52359 354673 
52360 354675 
52361 354677 
52362 354679 
52363 354681 
52364 354683 
52365 354685 
52366 354687 
52367 354689 
52368 354691 
52369 354693 
52370 354695 
52371 354697 
52372 354699 
52373 354701 
52374 354703 
52375 354705 
52376 354707 
52377 354709 
52378 354711 
52379 354713 
52380 354715 
52381 354717 
52382 354719 
52383 354721 
52384 354723 
52385 354725 
52386 354727 
52387 354729 
52388 354731 
52389 354733 
52390 354735 
52391 354737 
52392 354739 
52393 354741 
52394 354743 
52395 354745 
52396 354747 
52397 354749 
52398 354751 
52399 354753 
52400 354755 
52401 354757 
52402 354759 
52403 354761 
52404 354763 
52405 354765 
52406 354767 
52407 354769 
52408 354771 
52409 354773 
52410 354775 
52411 354777 
52412 354779 
52413 354781 
52414 354783 
52415 354785 
52416 354787 
52417 354789 
52418 354791 
52419 354793 
52420 354795 
52421 354797 
52422 354799 
52423 354801 
52424 354803 
52425 354805 
52426 354807 
52427 354809 
52428 354811 
52429 354813 
52430 354815 
52431 354817 
52432 354819 
52433 354821 
52434 355431 
52435 355429 
52436 355427 
52437 467453 
52438 467451 
52439 467449 
52440 467447 
52441 467445 
52442 467443 
52443 467441 
52444 467439 
52445 467437 
52446 467435 
52447 467433 
52448 467431 
52449 467429 
52450 467427 
52451 467425 
52452 467423 
52453 467421 
52454 467419 
52455 467417 
52456 467415 
52457 467413 
52458 467411 
52459 467409 
52460 467407 
52461 467405 
52462 468115 
52463 468113 
52464 468111 
52465 468897 
52466 468895 
52467 468893 
52468 469579 
52469 479409 
52470 466763 
52471 464533 
52472 464535 
52473 464537 
52474 462015 
52475 462013 
52476 462011 
52477 462009 
52478 462007 
52479 353569 
52480 353571 
52481 353573 
52482 8056 
52483 8934 
52484 8932 
52485 9546 
52486 932411 
52487 932413 
52488 932415 
52489 936449 
52490 936447 
52491 936445 
52492 6656 
52493 6786 
52494 6784 
52495 6782 
52496 6784 
52497 6786 
52498 6788 
52499 6790 
52500 6792 
52501 6794 
52502 6796 
52503 6798 
52504 6800 
52505 6802 
52506 6804 
52507 6806 
52508 6808 
52509 6810 
52510 6812 
52511 6814 
52512 6816 
52513 6818 
52514 6820 
52515 6822 
52516 6824 
52517 6826 
52518 6828 
52519 6830 
52520 6832 
52521 6834 
52522 6836 
52523 6838 
52524 6840 
52525 6842 
52526 6844 
52527 6846 
52528 6848 
52529 6850 
52530 6852 
52531 6854 
52532 6856 
52533 6858 
52534 6860 
52535 6862 
52536 6864 
52537 7390 
52538 7444 
52539 7442 
52540 7664 
52541 7662 
52542 5555223 
52543 5555221 
52544 5555219 
52545 5555217 
52546 5555215 
52547 5555213 
52548 5555211 
52549 5555209 
52550 5555207 
52551 5555205 
52552 5555203 
52553 5555201 
52554 5555199 
52555 5555197 
52556 5555195 
52557 5555193 
52558 5555191 
52559 5555189 
52560 5555187 
52561 5555185 
52562 5555183 
52563 5555181 
52564 5555179 
52565 5555177 
52566 5555175 
52567 5555173 
52568 5555171 
52569 5555169 
52570 5555167 
52571 5555165 
52572 5555163 
52573 5555161 
52574 5555159 
52575 5555157 
52576 5555155 
52577 5555153 
52578 5555151 
52579 5555149 
52580 5555147 
52581 5555145 
52582 5555143 
52583 5555141 
52584 5555139 
52585 5555137 
52586 5555135 
52587 5555133 
52588 5555131 
52589 5555129 
52590 5555127 
52591 5555125 
52592 5555123 
52593 5555121 
52594 5555119 
52595 5555117 
52596 5555115 
52597 5555113 
52598 5555111 
52599 5555109 
52600 5555107 
52601 5555105 
52602 5555103 
52603 5555101 
52604 5555099 
52605 5555097 
52606 5555095 
52607 5555093 
52608 5555091 
52609 5555089 
52610 5555087 
52611 5555085 
52612 5555083 
52613 5555081 
52614 5555079 
52615 5555077 
52616 5555075 
52617 5555073 
52618 5555071 
52619 5555069 
52620 5555067 
52621 5555069 
52622 7528 
52623 7530 
52624 6144 
52625 5638 
52626 5640 
52627 5170 
52628 5172 
52629 5174 
52630 4676 
52631 4678 
52632 4680 
52633 4246 
52634 4248 
52635 4250 
52636 3768 
52637 3770 
52638 3772 
52639 3334 
52640 2908 
52641 2502 
52642 2504 
52643 2506 
52644 2052 
52645 1626 
52646 1628 
52647 1186 
52648 1188 
52649 1190 
52650 324 
52651 444029 
52652 444027 
52653 444025 
52654 457859 
52655 457857 
52656 457855 
52657 457857 
52658 457859 
52659 457861 
52660 457863 
52661 457865 
52662 457867 
52663 457869 
52664 457871 
52665 457873 
52666 457875 
52667 457877 
52668 457879 
52669 457881 
52670 457883 
52671 457885 
52672 457887 
52673 457889 
52674 457891 
52675 457893 
52676 457895 
52677 457897 
52678 457899 
52679 457901 
52680 457903 
52681 457905 
52682 457907 
52683 457909 
52684 457911 
52685 457913 
52686 457915 
52687 457917 
52688 457919 
52689 457921 
52690 457923 
52691 457925 
52692 457927 
52693 457929 
52694 457931 
52695 457933 
52696 457935 
52697 457937 
52698 457939 
52699 457941 
52700 457943 
52701 457945 
52702 457947 
52703 457949 
52704 499615 
52705 499613 
52706 508659 
52707 508661 
52708 508663 
52709 508665 
52710 508667 
52711 508669 
52712 508671 
52713 508673 
52714 508675 
52715 508677 
52716 508679 
52717 508681 
52718 508683 
52719 508685 
52720 508687 
52721 508689 
52722 508691 
52723 508693 
52724 508695 
52725 508697 
52726 508699 
52727 508701 
52728 508703 
52729 508705 
52730 508707 
52731 508709 
52732 508711 
52733 508713 
52734 508715 
52735 508717 
52736 508719 
52737 509301 
52738 509299 
52739 509297 
52740 509847 
52741 510449 
52742 510447 
52743 517313 
52744 517311 
52745 521333 
52746 521331 
52747 537293 
52748 537291 
52749 537289 
52750 544235 
52751 544233 
52752 544231 
52753 545045 
52754 545043 
52755 545041 
52756 545043 
52757 545045 
52758 545047 
52759 545049 
52760 545051 
52761 545053 
52762 545055 
52763 545057 
52764 545059 
52765 542449 
52766 542451 
52767 542453 
52768 541139 
52769 539881 
52770 519703 
52771 519705 
52772 518883 
52773 518885 
52774 518887 
52775 507253 
52776 472271 
52777 472273 
52778 472275 
52779 461737 
52780 461739 
52781 461741 
52782 446435 
52783 519825 
52784 444711 
52785 444709 
52786 444707 
52787 444705 
52788 444703 
52789 444701 
52790 444699 
52791 444697 
52792 444695 
52793 444693 
52794 444691 
52795 444689 
52796 444687 
52797 444685 
52798 444683 
52799 444681 
52800 444679 
52801 444677 
52802 444675 
52803 444673 
52804 444671 
52805 444669 
52806 444667 
52807 444665 
52808 444663 
52809 444661 
52810 444659 
52811 444657 
52812 444655 
52813 444653 
52814 444651 
52815 444649 
52816 444647 
52817 444645 
52818 444643 
52819 444641 
52820 444639 
52821 444637 
52822 444635 
52823 444633 
52824 444631 
52825 444629 
52826 444627 
52827 444625 
52828 444623 
52829 444621 
52830 444619 
52831 444617 
52832 444615 
52833 444613 
52834 444611 
52835 444609 
52836 444607 
52837 444605 
52838 444603 
52839 444601 
52840 444599 
52841 444597 
52842 444595 
52843 444593 
52844 444591 
52845 444589 
52846 444587 
52847 444585 
52848 444583 
52849 444581 
52850 444579 
52851 444577 
52852 444575 
52853 444573 
52854 444571 
52855 444569 
52856 444567 
52857 444565 
52858 444563 
52859 444561 
52860 444559 
52861 444557 
52862 444555 
52863 444553 
52864 444551 
52865 444549 
52866 444547 
52867 444545 
52868 444543 
52869 444541 
52870 444539 
52871 444537 
52872 444535 
52873 444533 
52874 444531 
52875 444529 
52876 444527 
52877 444525 
52878 444523 
52879 444521 
52880 444519 
52881 444517 
52882 444515 
52883 444513 
52884 444511 
52885 444509 
52886 444507 
52887 444505 
52888 444503 
52889 444501 
52890 444499 
52891 444497 
52892 444495 
52893 444493 
52894 444491 
52895 444489 
52896 446699 
52897 446697 
52898 446695 
52899 447269 
52900 448015 
52901 448013 
52902 448799 
52903 448797 
52904 448795 
52905 449545 
52906 593019 
52907 593017 
52908 593015 
52909 595573 
52910 595571 
52911 596585 
52912 641007 
52913 641005 
52914 642627 
52915 642625 
52916 642623 
52917 642625 
52918 642627 
52919 594385 
52920 554911 
52921 554353 
52922 663563 
52923 554361 
52924 554359 
52925 662929 
52926 554367 
52927 554365 
52928 554367 
52929 554369 
52930 554371 
52931 554373 
52932 554375 
52933 554377 
52934 554379 
52935 554381 
52936 554383 
52937 554385 
52938 554387 
52939 554389 
52940 554391 
52941 554393 
52942 554395 
52943 554397 
52944 554399 
52945 554401 
52946 554403 
52947 554405 
52948 554407 
52949 554409 
52950 554411 
52951 554413 
52952 554415 
52953 554417 
52954 554419 
52955 554421 
52956 554423 
52957 555229 
52958 555231 
52959 555233 
52960 555235 
52961 555237 
52962 167231 
52963 167233 
52964 167235 
52965 3341 
52966 2915 
52967 2509 
52968 2511 
52969 2057 
52970 2059 
52971 2061 
52972 1631 
52973 1189 
52974 1191 
52975 325 
52976 244747 
52977 244745 
52978 244743 
52979 366925 
52980 366927 
52981 366929 
52982 366931 
52983 366933 
52984 366935 
52985 366937 
52986 366939 
52987 366941 
52988 366943 
52989 366945 
52990 366947 
52991 366949 
52992 366951 
52993 366953 
52994 366955 
52995 366957 
52996 366959 
52997 366961 
52998 366963 
52999 366965 
53000 366967 
53001 366969 
53002 366971 
53003 366973 
53004 366975 
53005 366977 
53006 366979 
53007 366981 
53008 366983 
53009 366985 
53010 366987 
53011 366989 
53012 366991 
53013 366993 
53014 366995 
53015 366997 
53016 366999 
53017 367001 
53018 367003 
53019 367005 
53020 367007 
53021 367009 
53022 367011 
53023 367013 
53024 367015 
53025 367017 
53026 367019 
53027 367021 
53028 367023 
53029 367025 
53030 367027 
53031 367029 
53032 367031 
53033 367033 
53034 367035 
53035 367037 
53036 367039 
53037 367041 
53038 367043 
53039 367045 
53040 367047 
53041 367049 
53042 367051 
53043 367053 
53044 367055 
53045 367057 
53046 367059 
53047 367061 
53048 367063 
53049 367065 
53050 367067 
53051 367069 
53052 367071 
53053 367073 
53054 367075 
53055 367077 
53056 367079 
53057 367081 
53058 367083 
53059 367085 
53060 367087 
53061 367089 
53062 367091 
53063 367093 
53064 367095 
53065 367097 
53066 367099 
53067 367101 
53068 367103 
53069 367105 
53070 367107 
53071 367109 
53072 367111 
53073 367113 
53074 367115 
53075 367117 
53076 368791 
53077 370861 
53078 370859 
53079 371441 
53080 371439 
53081 371437 
53082 371995 
53083 372585 
53084 372583 
53085 372581 
53086 403231 
53087 403229 
53088 403879 
53089 404489 
53090 404487 
53091 405141 
53092 405139 
53093 405813 
53094 405811 
53095 405809 
53096 406447 
53097 407129 
53098 407127 
53099 407125 
53100 407811 
53101 407809 
53102 408479 
53103 408477 
53104 409171 
53105 519965 
53106 519963 
53107 519961 
53108 574627 
53109 574629 
53110 574631 
53111 574633 
53112 594943 
53113 594941 
53114 594943 
53115 594945 
53116 594947 
53117 594949 
53118 594951 
53119 594953 
53120 594955 
53121 594957 
53122 594959 
53123 594961 
53124 594963 
53125 594965 
53126 594967 
53127 594969 
53128 594971 
53129 594973 
53130 594975 
53131 594977 
53132 594979 
53133 594981 
53134 594983 
53135 594985 
53136 594987 
53137 594989 
53138 594991 
53139 594993 
53140 594995 
53141 594997 
53142 594999 
53143 595001 
53144 595003 
53145 595005 
53146 595007 
53147 595009 
53148 595011 
53149 595013 
53150 595015 
53151 595017 
53152 595019 
53153 595021 
53154 595023 
53155 595025 
53156 595027 
53157 595029 
53158 595031 
53159 595033 
53160 595035 
53161 595037 
53162 595039 
53163 595041 
53164 595043 
53165 595045 
53166 595047 
53167 595049 
53168 595051 
53169 578349 
53170 663811 
53171 663809 
53172 663807 
53173 813489 
53174 813487 
53175 813485 
53176 4198740 
53177 4198738 
53178 4198736 
53179 4198738 
53180 4198740 
53181 4198742 
53182 4198744 
53183 4198746 
53184 4198748 
53185 4198750 
53186 4198752 
53187 4198754 
53188 4198756 
53189 4198758 
53190 4198760 
53191 4198762 
53192 4198764 
53193 4198766 
53194 4198768 
53195 4198770 
53196 4198772 
53197 4198774 
53198 4198776 
53199 4198778 
53200 4198780 
53201 4198782 
53202 4198784 
53203 4198786 
53204 4198788 
53205 4198790 
53206 4198792 
53207 4198794 
53208 4198796 
53209 4198798 
53210 4198800 
53211 4198802 
53212 4198804 
53213 427045 
53214 427043 
53215 427041 
53216 427039 
53217 427037 
53218 427035 
53219 427033 
53220 427031 
53221 427029 
53222 427027 
53223 427025 
53224 427023 
53225 427021 
53226 427019 
53227 427017 
53228 427015 
53229 427013 
53230 427015 
53231 474157 
53232 427007 
53233 427977 
53234 427979 
53235 427981 
53236 427983 
53237 427985 
53238 427987 
53239 427989 
53240 427991 
53241 427993 
53242 427995 
53243 427997 
53244 427999 
53245 428001 
53246 428003 
53247 428005 
53248 428007 
53249 428009 
53250 428011 
53251 428013 
53252 428015 
53253 428017 
53254 428019 
53255 428021 
53256 428023 
53257 428025 
53258 428027 
53259 428029 
53260 428031 
53261 428033 
53262 428035 
53263 428037 
53264 428039 
53265 428041 
53266 428043 
53267 428045 
53268 428047 
53269 428049 
53270 428051 
53271 402201 
53272 401783 
53273 401785 
53274 401787 
53275 366129 
53276 366139 
53277 366137 
53278 373935 
53279 366145 
53280 366143 
53281 366145 
53282 366147 
53283 374633 
53284 367335 
53285 367333 
53286 367335 
53287 367337 
53288 366159 
53289 366161 
53290 366163 
53291 245681 
53292 3352 
53293 3354 
53294 2912 
53295 2914 
53296 2916 
53297 2510 
53298 2060 
53299 1634 
53300 1192 
53301 326 
53302 486267 
53303 486265 
53304 486263 
53305 486261 
53306 486259 
53307 486257 
53308 486255 
53309 486253 
53310 486255 
53311 589637 
53312 486247 
53313 486249 
53314 486231 
53315 500437 
53316 500435 
53317 500433 
53318 500435 
53319 500437 
53320 500439 
53321 500441 
53322 500443 
53323 500445 
53324 500447 
53325 500449 
53326 533791 
53327 533789 
53328 535075 
53329 535073 
53330 535071 
53331 536349 
53332 536347 
53333 536345 
53334 1149192 
53335 1149190 
53336 1149192 
53337 1149194 
53338 1149196 
53339 1149198 
53340 1149200 
53341 1149202 
53342 1149204 
53343 1149206 
53344 1149208 
53345 1149210 
53346 1149212 
53347 1149214 
53348 1149216 
53349 1149218 
53350 1149220 
53351 1149222 
53352 1149224 
53353 1149226 
53354 1149228 
53355 1149230 
53356 1149232 
53357 1149234 
53358 498251 
53359 498253 
53360 343283 
53361 7649 
53362 294276 
53363 294274 
53364 294272 
53365 294270 
53366 294268 
53367 294266 
53368 294264 
53369 294262 
53370 294260 
53371 294258 
53372 294256 
53373 294254 
53374 294256 
53375 294258 
53376 8367 
53377 8365 
53378 8363 
53379 8361 
53380 8359 
53381 8357 
53382 8355 
53383 8353 
53384 8351 
53385 8353 
53386 8355 
53387 8169 
53388 8707 
53389 8705 
53390 8707 
53391 8709 
53392 8711 
53393 8713 
53394 8715 
53395 8717 
53396 8719 
53397 8721 
53398 8723 
53399 8725 
53400 8727 
53401 8729 
53402 8731 
53403 8733 
53404 8735 
53405 8737 
53406 8739 
53407 8741 
53408 8743 
53409 722749 
53410 722747 
53411 722749 
53412 722751 
53413 722753 
53414 722755 
53415 722757 
53416 722759 
53417 722761 
53418 722763 
53419 722765 
53420 722767 
53421 722769 
53422 722771 
53423 722773 
53424 722775 
53425 722777 
53426 722779 
53427 722781 
53428 722783 
53429 722785 
53430 722787 
53431 722789 
53432 722791 
53433 722793 
53434 722795 
53435 722797 
53436 722799 
53437 722801 
53438 722803 
53439 722805 
53440 722807 
53441 722809 
53442 722811 
53443 722813 
53444 722815 
53445 722817 
53446 722819 
53447 722821 
53448 722823 
53449 722825 
53450 722827 
53451 722829 
53452 722831 
53453 722833 
53454 722835 
53455 722837 
53456 722839 
53457 722841 
53458 722843 
53459 722845 
53460 722847 
53461 722849 
53462 722851 
53463 722853 
53464 722855 
53465 722857 
53466 722859 
53467 722861 
53468 722863 
53469 722865 
53470 722867 
53471 722869 
53472 722871 
53473 722873 
53474 722875 
53475 722877 
53476 722879 
53477 722881 
53478 722883 
53479 722885 
53480 722887 
53481 722889 
53482 722891 
53483 722893 
53484 722895 
53485 722897 
53486 722899 
53487 722901 
53488 722903 
53489 722905 
53490 722907 
53491 722909 
53492 722911 
53493 722913 
53494 722915 
53495 722917 
53496 722919 
53497 722921 
53498 722923 
53499 722925 
53500 722927 
53501 722929 
53502 722931 
53503 722933 
53504 722935 
53505 10321 
53506 10319 
53507 10317 
53508 10315 
53509 10313 
53510 10311 
53511 10309 
53512 10307 
53513 10305 
53514 10303 
53515 10301 
53516 10299 
53517 10297 
53518 10295 
53519 10369 
53520 10367 
53521 10369 
53522 10371 
53523 10373 
53524 10375 
53525 10377 
53526 10379 
53527 10381 
53528 10383 
53529 10385 
53530 10387 
53531 10389 
53532 10391 
53533 10393 
53534 10395 
53535 10397 
53536 10399 
53537 10401 
53538 10403 
53539 10405 
53540 10407 
53541 10409 
53542 10411 
53543 10413 
53544 10415 
53545 10417 
53546 10419 
53547 10421 
53548 10423 
53549 10425 
53550 10427 
53551 10429 
53552 10431 
53553 10433 
53554 10435 
53555 10437 
53556 10439 
53557 10441 
53558 10443 
53559 10445 
53560 10447 
53561 10449 
53562 10451 
53563 10453 
53564 10455 
53565 10457 
53566 10459 
53567 10461 
53568 10463 
53569 10465 
53570 10467 
53571 10469 
53572 94591 
53573 94085 
53574 94083 
53575 94081 
53576 94079 
53577 94077 
53578 90563 
53579 90565 
53580 90567 
53581 90013 
53582 83795 
53583 83793 
53584 83791 
53585 83789 
53586 83787 
53587 83785 
53588 83783 
53589 83781 
53590 83779 
53591 83777 
53592 83775 
53593 83773 
53594 83771 
53595 83769 
53596 83767 
53597 83765 
53598 83763 
53599 83761 
53600 73635 
53601 73637 
53602 13783 
53603 9805 
53604 7087 
53605 7089 
53606 7091 
53607 6589 
53608 6151 
53609 5661 
53610 5663 
53611 5173 
53612 4691 
53613 4269 
53614 3795 
53615 3797 
53616 3363 
53617 2933 
53618 2935 
53619 2525 
53620 2527 
53621 2529 
53622 2071 
53623 1641 
53624 1643 
53625 1197 
53626 1199 
53627 1201 
53628 327 
53629 1032830 
53630 1032828 
53631 1032830 
53632 1032832 
53633 1032834 
53634 1032836 
53635 1032838 
53636 1032840 
53637 1032842 
53638 1032844 
53639 1032846 
53640 1032848 
53641 1032850 
53642 1032852 
53643 1032854 
53644 1032856 
53645 1032858 
53646 1032860 
53647 1032862 
53648 1032864 
53649 1032866 
53650 1032868 
53651 1032870 
53652 1032872 
53653 1032874 
53654 1032876 
53655 1032878 
53656 1032880 
53657 1032882 
53658 1032884 
53659 1032886 
53660 1032888 
53661 1032890 
53662 1032892 
53663 1032894 
53664 1032896 
53665 1032898 
53666 1032900 
53667 1032902 
53668 1032904 
53669 1032906 
53670 1032908 
53671 1032910 
53672 1032912 
53673 1032914 
53674 1032916 
53675 1032918 
53676 1032920 
53677 1032922 
53678 1032924 
53679 1032926 
53680 1032928 
53681 1032930 
53682 1032932 
53683 1032934 
53684 1032936 
53685 1032938 
53686 1032940 
53687 1032942 
53688 1032944 
53689 1032946 
53690 1032948 
53691 1032950 
53692 1032952 
53693 1032954 
53694 1032956 
53695 1032958 
53696 1032960 
53697 1032962 
53698 1032964 
53699 1032966 
53700 1032968 
53701 1032970 
53702 1032972 
53703 1032974 
53704 1032976 
53705 1032978 
53706 1032980 
53707 1032982 
53708 1032984 
53709 1032986 
53710 1032988 
53711 1032990 
53712 1032992 
53713 1032994 
53714 1032996 
53715 1032998 
53716 1033000 
53717 1033002 
53718 1033004 
53719 1033006 
53720 1033008 
53721 1033010 
53722 1033012 
53723 1033014 
53724 1033016 
53725 1033018 
53726 1033020 
53727 1033022 
53728 1033024 
53729 1033026 
53730 1033028 
53731 1033030 
53732 1033032 
53733 1033034 
53734 1033036 
53735 1033038 
53736 1033040 
53737 1033042 
53738 1033044 
53739 1033046 
53740 1033048 
53741 1033050 
53742 1033052 
53743 1033054 
53744 1033056 
53745 1033058 
53746 1033060 
53747 1033062 
53748 1033064 
53749 1033066 
53750 1033068 
53751 1033070 
53752 1033072 
53753 1033074 
53754 1033076 
53755 1033078 
53756 1033080 
53757 1033082 
53758 1033084 
53759 1033086 
53760 1033088 
53761 1033090 
53762 1033092 
53763 1033094 
53764 1033096 
53765 1033098 
53766 1033100 
53767 1033102 
53768 1033104 
53769 1033106 
53770 1033108 
53771 1033110 
53772 1033112 
53773 1033114 
53774 1033116 
53775 1033118 
53776 1033120 
53777 1033122 
53778 1033124 
53779 1033126 
53780 1033128 
53781 1033130 
53782 1033132 
53783 1033134 
53784 1033136 
53785 1033138 
53786 1033140 
53787 1033142 
53788 1033144 
53789 1033146 
53790 1033148 
53791 1033150 
53792 1033152 
53793 1033154 
53794 1033156 
53795 1033158 
53796 1033160 
53797 1033162 
53798 1033164 
53799 1033166 
53800 1033168 
53801 1033170 
53802 1033172 
53803 1033174 
53804 1033176 
53805 1033178 
53806 1033180 
53807 1033182 
53808 1033184 
53809 1033186 
53810 1033188 
53811 1033190 
53812 1033192 
53813 1033194 
53814 1033196 
53815 1033198 
53816 1033200 
53817 1033202 
53818 1033204 
53819 1033206 
53820 1033208 
53821 1033210 
53822 1033212 
53823 1033214 
53824 1033216 
53825 1033218 
53826 1033220 
53827 1033222 
53828 1033224 
53829 1033226 
53830 1033228 
53831 1033230 
53832 1033232 
53833 1033234 
53834 1033236 
53835 1033238 
53836 1033240 
53837 1033242 
53838 1033244 
53839 1033246 
53840 1033248 
53841 1033250 
53842 1033252 
53843 1033254 
53844 1033256 
53845 1033258 
53846 1033260 
53847 1033262 
53848 1033264 
53849 1033266 
53850 1033268 
53851 1033270 
53852 1033272 
53853 1033274 
53854 1033276 
53855 1033278 
53856 1033280 
53857 1033282 
53858 1033284 
53859 1033286 
53860 1033288 
53861 1033290 
53862 1033292 
53863 1033294 
53864 1033296 
53865 1033298 
53866 1033300 
53867 1033302 
53868 1033304 
53869 1033306 
53870 1033308 
53871 1033310 
53872 1033312 
53873 1033314 
53874 1033316 
53875 1033318 
53876 1033320 
53877 1033322 
53878 1033324 
53879 1033326 
53880 1033328 
53881 1033330 
53882 1033332 
53883 1033334 
53884 1033336 
53885 1033338 
53886 1033340 
53887 1033342 
53888 1033344 
53889 1033346 
53890 1033348 
53891 1033350 
53892 1033352 
53893 1033354 
53894 1033356 
53895 1033358 
53896 1033360 
53897 1033362 
53898 1033364 
53899 1033366 
53900 1033368 
53901 1033370 
53902 1033372 
53903 1033374 
53904 1033376 
53905 1033378 
53906 1033380 
53907 1033382 
53908 1033384 
53909 1033386 
53910 1033388 
53911 1033390 
53912 1033392 
53913 1033394 
53914 1033396 
53915 1033398 
53916 1033400 
53917 1033402 
53918 1033404 
53919 1033406 
53920 1033408 
53921 1033410 
53922 1033412 
53923 1033414 
53924 1033416 
53925 1033418 
53926 1033420 
53927 1033422 
53928 1033424 
53929 1033426 
53930 1033428 
53931 1033430 
53932 1033432 
53933 1033434 
53934 1033436 
53935 1033438 
53936 1033440 
53937 1033442 
53938 1033444 
53939 1033446 
53940 1033448 
53941 1033450 
53942 1033452 
53943 1033454 
53944 1033456 
53945 1033458 
53946 3372 
53947 2942 
53948 2532 
53949 2534 
53950 2076 
53951 2078 
53952 2080 
53953 1646 
53954 1200 
53955 1202 
53956 328 
53957 50293 
53958 50291 
53959 50289 
53960 201827 
53961 201825 
53962 201823 
53963 201825 
53964 201827 
53965 201829 
53966 201831 
53967 201833 
53968 201835 
53969 201837 
53970 201839 
53971 201841 
53972 201843 
53973 201845 
53974 201847 
53975 201849 
53976 201851 
53977 201853 
53978 201855 
53979 201857 
53980 201859 
53981 201861 
53982 201863 
53983 201865 
53984 18763 
53985 18773 
53986 18771 
53987 18773 
53988 18775 
53989 18777 
53990 18779 
53991 18781 
53992 18783 
53993 18785 
53994 18787 
53995 18789 
53996 18791 
53997 18633 
53998 18635 
53999 18441 
54000 18443 
54001 18445 
54002 18447 
54003 18449 
54004 18451 
54005 18453 
54006 18455 
54007 18457 
54008 18459 
54009 18461 
54010 18463 
54011 18465 
54012 18467 
54013 18469 
54014 18471 
54015 18473 
54016 18475 
54017 18477 
54018 18479 
54019 18481 
54020 18483 
54021 18485 
54022 18487 
54023 18489 
54024 18491 
54025 18493 
54026 18495 
54027 18497 
54028 18499 
54029 18501 
54030 18503 
54031 18505 
54032 18507 
54033 18509 
54034 18511 
54035 18513 
54036 18515 
54037 18517 
54038 18131 
54039 18141 
54040 18139 
54041 18141 
54042 18143 
54043 18145 
54044 18147 
54045 18149 
54046 18151 
54047 18153 
54048 18155 
54049 18157 
54050 18159 
54051 18161 
54052 18163 
54053 18165 
54054 18167 
54055 18169 
54056 18171 
54057 18173 
54058 18175 
54059 18177 
54060 18179 
54061 18181 
54062 18183 
54063 18185 
54064 18187 
54065 18189 
54066 18191 
54067 18193 
54068 18195 
54069 18197 
54070 18199 
54071 18201 
54072 18019 
54073 18017 
54074 18015 
54075 18013 
54076 18011 
54077 18009 
54078 18007 
54079 18005 
54080 18003 
54081 18001 
54082 17999 
54083 17997 
54084 17995 
54085 17993 
54086 17991 
54087 17989 
54088 17987 
54089 17985 
54090 17983 
54091 17981 
54092 17979 
54093 18149 
54094 18147 
54095 18145 
54096 18147 
54097 18149 
54098 18151 
54099 18153 
54100 18155 
54101 18157 
54102 18159 
54103 18161 
54104 18163 
54105 18165 
54106 18167 
54107 18169 
54108 18171 
54109 18173 
54110 18175 
54111 18177 
54112 18179 
54113 18181 
54114 18183 
54115 18185 
54116 18187 
54117 18189 
54118 18191 
54119 18193 
54120 18195 
54121 18197 
54122 18199 
54123 18201 
54124 18203 
54125 18205 
54126 18207 
54127 18209 
54128 18211 
54129 370270 
54130 370268 
54131 370266 
54132 370264 
54133 370262 
54134 370260 
54135 370258 
54136 370256 
54137 370254 
54138 370252 
54139 370250 
54140 370248 
54141 370246 
54142 370244 
54143 370242 
54144 370240 
54145 370238 
54146 370236 
54147 370234 
54148 370232 
54149 370230 
54150 370228 
54151 370226 
54152 370224 
54153 370222 
54154 370220 
54155 370218 
54156 370216 
54157 370214 
54158 370212 
54159 370210 
54160 370208 
54161 370206 
54162 370204 
54163 370202 
54164 370200 
54165 370198 
54166 370196 
54167 370194 
54168 370192 
54169 370190 
54170 370188 
54171 370186 
54172 370184 
54173 370182 
54174 370180 
54175 370178 
54176 370176 
54177 370174 
54178 370172 
54179 370170 
54180 370168 
54181 370166 
54182 370164 
54183 370162 
54184 370160 
54185 370158 
54186 370156 
54187 370154 
54188 370152 
54189 370150 
54190 370148 
54191 370146 
54192 370144 
54193 370142 
54194 370140 
54195 370138 
54196 370136 
54197 370134 
54198 370132 
54199 370130 
54200 370128 
54201 370126 
54202 370124 
54203 370122 
54204 370120 
54205 370118 
54206 370116 
54207 370114 
54208 370112 
54209 370110 
54210 370108 
54211 370106 
54212 370104 
54213 370102 
54214 370100 
54215 370098 
54216 370096 
54217 370094 
54218 370092 
54219 370090 
54220 370088 
54221 370086 
54222 370084 
54223 370082 
54224 370080 
54225 370078 
54226 370076 
54227 370074 
54228 370072 
54229 370070 
54230 370068 
54231 370070 
54232 370072 
54233 168145 
54234 168143 
54235 168141 
54236 168139 
54237 168137 
54238 168135 
54239 168133 
54240 168131 
54241 168129 
54242 168127 
54243 168125 
54244 168123 
54245 168121 
54246 168119 
54247 168117 
54248 168115 
54249 168113 
54250 168111 
54251 168109 
54252 168107 
54253 168105 
54254 168103 
54255 168101 
54256 168099 
54257 168097 
54258 168095 
54259 168093 
54260 168091 
54261 168089 
54262 168087 
54263 168085 
54264 168083 
54265 521693 
54266 491363 
54267 521829 
54268 491371 
54269 491369 
54270 490975 
54271 167665 
54272 167663 
54273 167665 
54274 167667 
54275 17517 
54276 3383 
54277 3385 
54278 2939 
54279 2941 
54280 2943 
54281 2533 
54282 2079 
54283 1649 
54284 1203 
54285 329 
54286 578403 
54287 578401 
54288 578399 
54289 578397 
54290 578395 
54291 578393 
54292 578391 
54293 578389 
54294 578387 
54295 578385 
54296 578383 
54297 578381 
54298 578379 
54299 578377 
54300 578375 
54301 578373 
54302 578371 
54303 578369 
54304 578367 
54305 578365 
54306 578363 
54307 578361 
54308 578359 
54309 578357 
54310 578355 
54311 879153 
54312 886251 
54313 886249 
54314 889831 
54315 889833 
54316 889835 
54317 889837 
54318 889839 
54319 889841 
54320 889843 
54321 578501 
54322 578499 
54323 578497 
54324 578495 
54325 578493 
54326 578491 
54327 578489 
54328 578487 
54329 578485 
54330 578483 
54331 578481 
54332 578479 
54333 578477 
54334 578475 
54335 578473 
54336 578471 
54337 578469 
54338 578467 
54339 578465 
54340 578463 
54341 578461 
54342 578459 
54343 578457 
54344 578455 
54345 578453 
54346 578451 
54347 578449 
54348 578447 
54349 578445 
54350 578443 
54351 578441 
54352 578439 
54353 578437 
54354 578435 
54355 578433 
54356 578431 
54357 578429 
54358 578427 
54359 578425 
54360 578423 
54361 578421 
54362 578419 
54363 578417 
54364 578415 
54365 578413 
54366 578411 
54367 578409 
54368 578407 
54369 578405 
54370 578403 
54371 578401 
54372 578399 
54373 578397 
54374 578395 
54375 578393 
54376 578391 
54377 578389 
54378 578391 
54379 578393 
54380 578395 
54381 578397 
54382 578399 
54383 578401 
54384 578403 
54385 578405 
54386 578407 
54387 578409 
54388 578411 
54389 578413 
54390 578415 
54391 578417 
54392 578419 
54393 578421 
54394 578423 
54395 578425 
54396 578427 
54397 578429 
54398 578431 
54399 578433 
54400 578435 
54401 578437 
54402 578439 
54403 578441 
54404 578443 
54405 578445 
54406 578447 
54407 578449 
54408 578451 
54409 578453 
54410 578455 
54411 578457 
54412 578459 
54413 578461 
54414 578463 
54415 578465 
54416 578467 
54417 578469 
54418 578471 
54419 578473 
54420 578475 
54421 578477 
54422 578479 
54423 578481 
54424 578483 
54425 578485 
54426 578487 
54427 578489 
54428 578491 
54429 578493 
54430 578495 
54431 578497 
54432 578499 
54433 578501 
54434 578503 
54435 578505 
54436 578507 
54437 578509 
54438 578511 
54439 578513 
54440 578515 
54441 578517 
54442 578519 
54443 578521 
54444 578523 
54445 578525 
54446 578527 
54447 578529 
54448 578531 
54449 578533 
54450 578535 
54451 578537 
54452 578539 
54453 578541 
54454 578543 
54455 578545 
54456 578547 
54457 578549 
54458 578551 
54459 578553 
54460 578555 
54461 578557 
54462 578559 
54463 578561 
54464 578563 
54465 578565 
54466 578567 
54467 578569 
54468 578571 
54469 578573 
54470 578575 
54471 578577 
54472 578579 
54473 578581 
54474 578583 
54475 578585 
54476 578587 
54477 578589 
54478 578591 
54479 578593 
54480 578595 
54481 578597 
54482 578599 
54483 578601 
54484 578603 
54485 578605 
54486 578607 
54487 578609 
54488 578611 
54489 578613 
54490 578615 
54491 578617 
54492 578619 
54493 578621 
54494 578623 
54495 578625 
54496 578627 
54497 578629 
54498 578631 
54499 578633 
54500 578635 
54501 578637 
54502 578639 
54503 578641 
54504 578643 
54505 578645 
54506 578647 
54507 578649 
54508 578651 
54509 578653 
54510 578655 
54511 578657 
54512 578659 
54513 578661 
54514 578663 
54515 578665 
54516 578667 
54517 578669 
54518 578671 
54519 578673 
54520 578675 
54521 578677 
54522 578679 
54523 578681 
54524 578683 
54525 578685 
54526 578687 
54527 578689 
54528 578691 
54529 578693 
54530 578695 
54531 578697 
54532 578699 
54533 578701 
54534 578703 
54535 578705 
54536 578707 
54537 578709 
54538 578711 
54539 578713 
54540 578715 
54541 578717 
54542 578719 
54543 578721 
54544 578723 
54545 578725 
54546 578727 
54547 578729 
54548 578731 
54549 578733 
54550 578735 
54551 578737 
54552 578739 
54553 578741 
54554 578743 
54555 578745 
54556 578747 
54557 578749 
54558 578751 
54559 578753 
54560 578755 
54561 578757 
54562 578759 
54563 578761 
54564 578763 
54565 578765 
54566 578767 
54567 578769 
54568 578771 
54569 578773 
54570 578775 
54571 578777 
54572 578779 
54573 578781 
54574 578783 
54575 578785 
54576 578787 
54577 578789 
54578 578791 
54579 578793 
54580 578795 
54581 578797 
54582 578799 
54583 578801 
54584 578803 
54585 578805 
54586 578807 
54587 578809 
54588 578811 
54589 578813 
54590 578815 
54591 578817 
54592 578819 
54593 578821 
54594 5232 
54595 5234 
54596 5236 
54597 4738 
54598 4740 
54599 4742 
54600 4308 
54601 3830 
54602 3832 
54603 3394 
54604 2960 
54605 2962 
54606 2548 
54607 2550 
54608 2552 
54609 2090 
54610 1656 
54611 1658 
54612 1208 
54613 1210 
54614 1212 
54615 330 
54616 377524 
54617 377522 
54618 377520 
54619 377518 
54620 377516 
54621 377514 
54622 377512 
54623 377510 
54624 377508 
54625 377506 
54626 377504 
54627 377502 
54628 377500 
54629 377498 
54630 377496 
54631 377494 
54632 377492 
54633 377490 
54634 377488 
54635 377486 
54636 377484 
54637 377482 
54638 377480 
54639 377478 
54640 377476 
54641 377474 
54642 377472 
54643 377470 
54644 377468 
54645 377466 
54646 377464 
54647 377462 
54648 377460 
54649 377458 
54650 377456 
54651 377454 
54652 377452 
54653 377450 
54654 377448 
54655 377446 
54656 377444 
54657 377442 
54658 377440 
54659 377438 
54660 377436 
54661 377434 
54662 377432 
54663 377430 
54664 377428 
54665 377426 
54666 377424 
54667 377422 
54668 377420 
54669 377418 
54670 377416 
54671 377418 
54672 377408 
54673 497494 
54674 497496 
54675 497498 
54676 497500 
54677 497502 
54678 497504 
54679 497506 
54680 497508 
54681 497510 
54682 497512 
54683 497514 
54684 497516 
54685 497518 
54686 434676 
54687 434674 
54688 434672 
54689 434670 
54690 434668 
54691 434666 
54692 434664 
54693 434662 
54694 434660 
54695 434658 
54696 434656 
54697 434654 
54698 434652 
54699 434650 
54700 434648 
54701 434646 
54702 434644 
54703 434642 
54704 434640 
54705 434638 
54706 434636 
54707 434634 
54708 434632 
54709 434630 
54710 434628 
54711 434626 
54712 434624 
54713 434622 
54714 434620 
54715 434618 
54716 434616 
54717 434614 
54718 434612 
54719 434610 
54720 434608 
54721 434606 
54722 434604 
54723 434602 
54724 434600 
54725 434598 
54726 434596 
54727 434594 
54728 434592 
54729 434590 
54730 434588 
54731 434586 
54732 434584 
54733 434582 
54734 434580 
54735 434578 
54736 434576 
54737 434574 
54738 434572 
54739 434570 
54740 434568 
54741 434566 
54742 434564 
54743 434562 
54744 434560 
54745 434558 
54746 434556 
54747 434554 
54748 434552 
54749 434550 
54750 434548 
54751 434546 
54752 434544 
54753 434542 
54754 434544 
54755 413978 
54756 392200 
54757 392354 
54758 392356 
54759 392358 
54760 392360 
54761 392362 
54762 458860 
54763 458858 
54764 458856 
54765 458858 
54766 458860 
54767 458862 
54768 458864 
54769 458866 
54770 458868 
54771 458870 
54772 458872 
54773 458874 
54774 458876 
54775 458878 
54776 458880 
54777 458882 
54778 458884 
54779 458886 
54780 458888 
54781 458890 
54782 458892 
54783 458894 
54784 458896 
54785 458898 
54786 458900 
54787 487222 
54788 487220 
54789 487222 
54790 487224 
54791 487226 
54792 487228 
54793 487230 
54794 487232 
54795 487234 
54796 487236 
54797 487238 
54798 487240 
54799 488322 
54800 488320 
54801 488318 
54802 493168 
54803 493166 
54804 493168 
54805 493170 
54806 493172 
54807 493174 
54808 493176 
54809 493178 
54810 493180 
54811 493182 
54812 493184 
54813 493186 
54814 493188 
54815 493190 
54816 493192 
54817 493194 
54818 493196 
54819 493198 
54820 493200 
54821 493202 
54822 493204 
54823 491490 
54824 491492 
54825 491494 
54826 485840 
54827 485842 
54828 478888 
54829 478890 
54830 476276 
54831 476278 
54832 476280 
54833 474854 
54834 474856 
54835 474858 
54836 436396 
54837 436406 
54838 436404 
54839 436406 
54840 436408 
54841 436410 
54842 436412 
54843 436414 
54844 436416 
54845 436418 
54846 436420 
54847 436422 
54848 436424 
54849 436426 
54850 436428 
54851 436430 
54852 436432 
54853 436434 
54854 436436 
54855 436438 
54856 436440 
54857 436442 
54858 436444 
54859 436446 
54860 436448 
54861 436450 
54862 436452 
54863 436454 
54864 436456 
54865 436458 
54866 436460 
54867 436462 
54868 436464 
54869 436466 
54870 436468 
54871 436470 
54872 436472 
54873 436362 
54874 392140 
54875 392190 
54876 392188 
54877 392186 
54878 392188 
54879 392190 
54880 392192 
54881 392194 
54882 392196 
54883 392198 
54884 392200 
54885 392202 
54886 392204 
54887 392206 
54888 392208 
54889 392210 
54890 392212 
54891 392214 
54892 392216 
54893 392218 
54894 392220 
54895 392222 
54896 392224 
54897 392226 
54898 524792 
54899 524794 
54900 524796 
54901 524798 
54902 524800 
54903 524802 
54904 524804 
54905 524806 
54906 524808 
54907 524810 
54908 524812 
54909 524814 
54910 524816 
54911 524818 
54912 524820 
54913 524822 
54914 524824 
54915 524826 
54916 524828 
54917 524830 
54918 524832 
54919 524834 
54920 523316 
54921 518230 
54922 518232 
54923 512810 
54924 509432 
54925 509434 
54926 507104 
54927 389666 
54928 389668 
54929 389670 
54930 379396 
54931 379398 
54932 379400 
54933 378806 
54934 378808 
54935 378810 
54936 3403 
54937 2969 
54938 2555 
54939 2557 
54940 2095 
54941 2097 
54942 2099 
54943 1661 
54944 1211 
54945 1213 
54946 331 
54947 1418549 
54948 1418547 
54949 1418545 
54950 1418543 
54951 1418541 
54952 1418539 
54953 1418537 
54954 1418535 
54955 1418533 
54956 1418531 
54957 1418529 
54958 1418527 
54959 1418525 
54960 1418523 
54961 1418521 
54962 1418519 
54963 1418517 
54964 1418515 
54965 1418513 
54966 1418511 
54967 1418509 
54968 1418507 
54969 1418505 
54970 1418503 
54971 1418501 
54972 1418499 
54973 1418497 
54974 1418495 
54975 1418493 
54976 1418491 
54977 1418489 
54978 1418487 
54979 1418485 
54980 1418483 
54981 1418481 
54982 1418479 
54983 1418477 
54984 1418475 
54985 1418473 
54986 1418471 
54987 1418473 
54988 1418475 
54989 1418477 
54990 2966876 
54991 2966874 
54992 2966648 
54993 2966734 
54994 2966732 
54995 2966730 
54996 2966832 
54997 2966830 
54998 2966828 
54999 2966826 
55000 2966824 
55001 2966822 
55002 2966820 
55003 2966818 
55004 2966816 
55005 2966814 
55006 2966812 
55007 2966810 
55008 2966808 
55009 2966806 
55010 2966804 
55011 2966802 
55012 2966800 
55013 2966798 
55014 2966796 
55015 2966794 
55016 2966792 
55017 2966790 
55018 2966788 
55019 2966786 
55020 2966784 
55021 2966782 
55022 2966780 
55023 2966778 
55024 2966776 
55025 2966774 
55026 2966772 
55027 2966770 
55028 2966768 
