36617 4760969 
36619 4760961 
36620 4761299 
36621 4761297 
36622 4761295 
36623 4761293 
36624 4761291 
36625 4761289 
36626 4761287 
36627 4761285 
36628 4761283 
36629 4761281 
36630 4761279 
36631 4761277 
36632 5061723 
36633 5061721 
36634 5061723 
36635 5061725 
36636 5061727 
36637 5061729 
36638 5061731 
36639 5061733 
36640 5061735 
36641 5061737 
36642 5061739 
36643 5061741 
36644 5061743 
36645 5061745 
36646 5061747 
36647 5061749 
36648 5061751 
36649 5061753 
36650 5061755 
36651 5061757 
36652 5061759 
36653 5061761 
36654 5061763 
36655 5061765 
36656 5061767 
36657 5061769 
36658 5061771 
36659 5061773 
36660 5061775 
36661 5061777 
36662 5061779 
36663 5061781 
36664 5061783 
36665 5061785 
36666 5061787 
36667 5061789 
36668 5061791 
36669 5061793 
36670 5061795 
36671 5061797 
36672 5061799 
36673 5061801 
36674 5061803 
36675 5061805 
36676 5061807 
36677 5061809 
36678 5061811 
36679 5061813 
36680 10311 
36681 10309 
36682 10307 
36683 10305 
36684 10303 
36685 10301 
36686 10299 
36687 10297 
36688 10295 
36689 10297 
36690 10299 
36691 10013 
36692 1951692 
36693 1953646 
36694 1953644 
36695 1953642 
36696 1953640 
36697 1953638 
36698 1953636 
36699 1953634 
36700 1953632 
36701 1953630 
36702 1953628 
36703 1953626 
36704 1953624 
36705 1953622 
36706 1953620 
36707 1953618 
36708 1953616 
36709 1953614 
36710 1953612 
36711 1953610 
36712 1953608 
36713 1953606 
36714 1953604 
36715 1953602 
36716 1953600 
36717 1953598 
36718 1953596 
36719 1953594 
36720 1953592 
36721 1953590 
36722 1953588 
36723 1953586 
36724 1953584 
36725 1953582 
36726 1953580 
36727 1953578 
36728 1953576 
36729 1953574 
36730 1953572 
36731 1953570 
36732 1953568 
36733 1953566 
36734 1953564 
36735 1953562 
36736 1953560 
36737 1953558 
36738 1953556 
36739 1953554 
36740 1953552 
36741 1953550 
36742 1953548 
36743 1953546 
36744 1953544 
36745 1953542 
36746 1953540 
36747 1953538 
36748 1953536 
36749 4053285 
36750 4053283 
36751 4053281 
36752 4053279 
36753 4053277 
36754 4053275 
36755 4053273 
36756 4053271 
36757 4053269 
36758 4053267 
36759 4053265 
36760 4053263 
36761 4053261 
36762 4053259 
36763 4053257 
36764 4053255 
36765 4053253 
36766 4053251 
36767 4053249 
36768 4053247 
36769 4053245 
36770 4053243 
36771 4053241 
36772 4053239 
36773 4053237 
36774 4053235 
36775 4053233 
36776 4053231 
36777 4053229 
36778 4053227 
36779 4053225 
36780 4053223 
36781 4053221 
36782 4053219 
36783 4053217 
36784 4053215 
36785 4053213 
36786 4053211 
36787 4053209 
36788 4053207 
36789 4053205 
36790 4053203 
36791 4053201 
36792 4053199 
36793 4053197 
36794 4053195 
36795 4053193 
36796 4053191 
36797 4053189 
36798 4053187 
36799 4053185 
36800 4053183 
36801 4053181 
36802 4053179 
36803 4053177 
36804 4053175 
36805 4053173 
36806 4053171 
36807 4053169 
36808 4053167 
36809 4053169 
36810 11027 
36811 11029 
36812 5151 
36813 5161 
36814 5159 
36815 5161 
36816 5163 
36817 5165 
36818 5167 
36819 5169 
36820 5171 
36821 5173 
36822 5175 
36823 5177 
36824 5179 
36825 5181 
36826 5183 
36827 5185 
36828 5187 
36829 5137 
36830 5139 
36831 5141 
36832 4731 
36833 4733 
36834 4735 
36835 4337 
36836 4339 
36837 4341 
36838 3919 
36839 3921 
36840 3923 
36841 3557 
36842 3155 
36843 3157 
36844 2787 
36845 2789 
36846 2791 
36847 2437 
36848 2095 
36849 2097 
36850 1715 
36851 1717 
36852 1719 
36853 1361 
36854 991 
36855 993 
36856 271 
36857 6010 
36858 6008 
36859 6006 
36860 35400 
36861 35702 
36862 528455 
36863 533025 
36864 533023 
36865 533021 
36866 533023 
36867 533025 
36868 533027 
36869 533029 
36870 533031 
36871 533033 
36872 533035 
36873 533037 
36874 533039 
36875 533041 
36876 533043 
36877 525213 
36878 263968 
36879 263970 
36880 36084 
36881 36086 
36882 36088 
36883 35086 
36884 35088 
36885 34646 
36886 34644 
36887 34642 
36888 34640 
36889 34638 
36890 34636 
36891 34634 
36892 34632 
36893 34630 
36894 34628 
36895 34626 
36896 34628 
36897 34598 
36898 34600 
36899 34602 
36900 34576 
36901 33962 
36902 33960 
36903 33958 
36904 33956 
36905 33954 
36906 33952 
36907 33950 
36908 33948 
36909 33946 
36910 33944 
36911 33942 
36912 33940 
36913 33942 
36914 128436 
36915 33934 
36916 36464 
36917 36462 
36918 40256 
36919 40714 
36920 40712 
36921 40710 
36922 41364 
36923 41362 
36924 41360 
36925 41998 
36926 41996 
36927 42718 
36928 42716 
36929 42714 
36930 420136 
36931 420134 
36932 420132 
36933 483162 
36934 485784 
36935 485782 
36936 485780 
36937 485778 
36938 485776 
36939 485774 
36940 485772 
36941 485770 
36942 485768 
36943 485766 
36944 485764 
36945 485762 
36946 485764 
36947 485766 
36948 485176 
36949 485178 
36950 485180 
36951 479130 
36952 423192 
36953 423194 
36954 423196 
36955 416618 
36956 416616 
36957 416614 
36958 416612 
36959 416610 
36960 416608 
36961 416606 
36962 37160 
36963 37158 
36964 37156 
36965 37154 
36966 37152 
36967 37150 
36968 37148 
36969 37146 
36970 37144 
36971 37142 
36972 37140 
36973 37138 
36974 37136 
36975 37134 
36976 37132 
36977 37130 
36978 37128 
36979 37126 
36980 37124 
36981 37122 
36982 37120 
36983 37118 
36984 37116 
36985 50914 
36986 50916 
36987 36926 
36988 36900 
36989 37726 
36990 37724 
36991 40202 
36992 40200 
36993 40198 
36994 254904 
36995 254902 
36996 254904 
36997 254906 
36998 254908 
36999 254910 
37000 254912 
37001 254914 
37002 254916 
37003 254918 
37004 254920 
37005 254922 
37006 254924 
37007 254926 
37008 254928 
37009 254930 
37010 254932 
37011 254934 
37012 254936 
37013 254938 
37014 254940 
37015 254942 
37016 254944 
37017 254946 
37018 254948 
37019 254950 
37020 254952 
37021 254954 
37022 254956 
37023 254958 
37024 254960 
37025 254962 
37026 254964 
37027 254966 
37028 254968 
37029 254970 
37030 254972 
37031 254974 
37032 254976 
37033 254978 
37034 254980 
37035 254982 
37036 254984 
37037 254986 
37038 254988 
37039 254990 
37040 254992 
37041 254994 
37042 254996 
37043 254998 
37044 255000 
37045 255002 
37046 255004 
37047 255006 
37048 255008 
37049 255010 
37050 255012 
37051 255014 
37052 255016 
37053 255018 
37054 255020 
37055 255022 
37056 255024 
37057 255026 
37058 255028 
37059 255030 
37060 255032 
37061 255034 
37062 255036 
37063 255038 
37064 255040 
37065 255042 
37066 255044 
37067 255046 
37068 255048 
37069 255050 
37070 255052 
37071 255054 
37072 255056 
37073 255058 
37074 255060 
37075 255062 
37076 255064 
37077 255066 
37078 255068 
37079 255070 
37080 255072 
37081 255074 
37082 255076 
37083 354318 
37084 354320 
37085 354322 
37086 252952 
37087 252954 
37088 252956 
37089 41394 
37090 5160 
37091 4734 
37092 4744 
37093 4742 
37094 4744 
37095 4746 
37096 4748 
37097 4750 
37098 4752 
37099 4754 
37100 4756 
37101 4758 
37102 4760 
37103 4762 
37104 4764 
37105 4766 
37106 4768 
37107 4770 
37108 4720 
37109 4722 
37110 4724 
37111 4326 
37112 4328 
37113 4330 
37114 3912 
37115 3914 
37116 3916 
37117 3554 
37118 3156 
37119 2794 
37120 2796 
37121 2434 
37122 2436 
37123 2438 
37124 2096 
37125 1718 
37126 1364 
37127 994 
37128 272 
37129 6109 
37130 6111 
37131 12668370 
37132 6103 
37133 752538 
37134 752536 
37135 752534 
37136 752536 
37137 752538 
37138 751136 
37139 751138 
37140 654036 
37141 654034 
37142 654032 
37143 656278 
37144 656276 
37145 656274 
37146 656272 
37147 656270 
37148 656268 
37149 656266 
37150 656264 
37151 656262 
37152 656260 
37153 656258 
37154 656256 
37155 656254 
37156 656252 
37157 656250 
37158 656248 
37159 656246 
37160 656244 
37161 656242 
37162 656240 
37163 656238 
37164 656236 
37165 656234 
37166 656232 
37167 656230 
37168 656228 
37169 656226 
37170 656224 
37171 656222 
37172 656220 
37173 656218 
37174 656216 
37175 656214 
37176 656212 
37177 656210 
37178 656208 
37179 656206 
37180 656204 
37181 656202 
37182 656200 
37183 656198 
37184 656196 
37185 656194 
37186 656192 
37187 656190 
37188 656188 
37189 656186 
37190 656184 
37191 656182 
37192 656180 
37193 656178 
37194 656176 
37195 656174 
37196 656172 
37197 656170 
37198 656168 
37199 656166 
37200 656164 
37201 656162 
37202 656160 
37203 656158 
37204 656156 
37205 656154 
37206 656152 
37207 656150 
37208 656148 
37209 656146 
37210 656144 
37211 656142 
37212 656140 
37213 656138 
37214 656136 
37215 656134 
37216 656132 
37217 656130 
37218 656128 
37219 656126 
37220 656124 
37221 656122 
37222 656120 
37223 656118 
37224 656116 
37225 656114 
37226 656112 
37227 656110 
37228 656108 
37229 656106 
37230 656104 
37231 656102 
37232 656100 
37233 656098 
37234 656096 
37235 656094 
37236 656092 
37237 656090 
37238 656088 
37239 656086 
37240 656084 
37241 656082 
37242 656080 
37243 656078 
37244 656076 
37245 657046 
37246 657044 
37247 657042 
37248 657040 
37249 657042 
37250 6499 
37251 36449 
37252 37079 
37253 36977 
37254 36951 
37255 36917 
37256 37467 
37257 38021 
37258 38023 
37259 38025 
37260 38027 
37261 38029 
37262 38031 
37263 38513 
37264 39075 
37265 39073 
37266 39071 
37267 39649 
37268 39647 
37269 40229 
37270 40227 
37271 40813 
37272 40811 
37273 40809 
37274 42471 
37275 42469 
37276 43159 
37277 43157 
37278 43155 
37279 43245 
37280 43243 
37281 43241 
37282 43239 
37283 43237 
37284 43235 
37285 43233 
37286 43231 
37287 43229 
37288 43231 
37289 43233 
37290 5619 
37291 5629 
37292 5627 
37293 5629 
37294 5631 
37295 5633 
37296 5635 
37297 5637 
37298 5639 
37299 5641 
37300 5643 
37301 5645 
37302 5647 
37303 5649 
37304 5651 
37305 5653 
37306 5655 
37307 5657 
37308 5659 
37309 5661 
37310 5663 
37311 5665 
37312 5667 
37313 5669 
37314 5671 
37315 5673 
37316 5675 
37317 5677 
37318 5679 
37319 5681 
37320 5683 
37321 5685 
37322 5687 
37323 5689 
37324 5691 
37325 5693 
37326 5695 
37327 5697 
37328 5699 
37329 5701 
37330 5703 
37331 5705 
37332 5707 
37333 5709 
37334 5711 
37335 5713 
37336 5715 
37337 5717 
37338 5719 
37339 5721 
37340 5723 
37341 5725 
37342 260452 
37343 260454 
37344 260456 
37345 260458 
37346 260460 
37347 261590 
37348 261588 
37349 280838 
37350 280836 
37351 280838 
37352 262248 
37353 255190 
37354 255192 
37355 255194 
37356 253660 
37357 252502 
37358 252504 
37359 252506 
37360 5543 
37361 254014 
37362 254016 
37363 253438 
37364 253440 
37365 252942 
37366 5567 
37367 5569 
37368 5571 
37369 5573 
37370 5575 
37371 5577 
37372 5579 
37373 5581 
37374 5583 
37375 5585 
37376 5587 
37377 5589 
37378 5591 
37379 5593 
37380 5159 
37381 4749 
37382 4355 
37383 3941 
37384 3943 
37385 3581 
37386 3583 
37387 3585 
37388 3179 
37389 2809 
37390 2455 
37391 2457 
37392 2111 
37393 2113 
37394 2115 
37395 1729 
37396 1371 
37397 1373 
37398 999 
37399 1001 
37400 1003 
37401 273 
37402 6132 
37403 6130 
37404 6128 
37405 6126 
37406 6124 
37407 6122 
37408 6120 
37409 6118 
37410 6116 
37411 8454 
37412 8452 
37413 8450 
37414 8856 
37415 8854 
37416 8852 
37417 9238 
37418 9236 
37419 9234 
37420 438739 
37421 500769 
37422 500771 
37423 500773 
37424 500775 
37425 500777 
37426 500779 
37427 500781 
37428 500783 
37429 500785 
37430 500787 
37431 500789 
37432 500791 
37433 500793 
37434 500795 
37435 500797 
37436 500799 
37437 500801 
37438 500803 
37439 500805 
37440 500807 
37441 500809 
37442 500811 
37443 500813 
37444 499863 
37445 9830 
37446 9832 
37447 9614 
37448 10056 
37449 440582 
37450 440580 
37451 440578 
37452 440580 
37453 10458 
37454 10460 
37455 10462 
37456 10464 
37457 10466 
37458 10468 
37459 10470 
37460 10472 
37461 10474 
37462 10476 
37463 10478 
37464 10480 
37465 10482 
37466 10484 
37467 7938 
37468 8444 
37469 8914 
37470 8912 
37471 8914 
37472 8916 
37473 9286 
37474 9832 
37475 10318 
37476 10316 
37477 10314 
37478 10792 
37479 11258 
37480 11256 
37481 11254 
37482 11712 
37483 13278 
37484 13276 
37485 13274 
37486 13916 
37487 13914 
37488 13912 
37489 13910 
37490 13908 
37491 13906 
37492 13904 
37493 13906 
37494 13908 
37495 6506 
37496 6508 
37497 6510 
37498 6512 
37499 6514 
37500 6516 
37501 6518 
37502 6520 
37503 6522 
37504 6524 
37505 6526 
37506 11392 
37507 7170 
37508 6940 
37509 6966 
37510 6964 
37511 7010 
37512 9324 
37513 9326 
37514 9328 
37515 9266 
37516 7128 
37517 7126 
37518 7124 
37519 7122 
37520 7120 
37521 7118 
37522 7116 
37523 7114 
37524 7112 
37525 7110 
37526 7108 
37527 7106 
37528 7104 
37529 7102 
37530 7100 
37531 7098 
37532 7096 
37533 7094 
37534 7092 
37535 7090 
37536 7088 
37537 7086 
37538 7084 
37539 7082 
37540 7080 
37541 7078 
37542 7076 
37543 7074 
37544 7072 
37545 7070 
37546 7068 
37547 7066 
37548 7064 
37549 7062 
37550 7060 
37551 7058 
37552 7056 
37553 7054 
37554 7052 
37555 2934205 
37556 5608 
37557 5698 
37558 5696 
37559 5694 
37560 5696 
37561 5698 
37562 5700 
37563 5702 
37564 5704 
37565 5706 
37566 5708 
37567 5710 
37568 5712 
37569 5714 
37570 5716 
37571 5718 
37572 5720 
37573 5722 
37574 5724 
37575 5726 
37576 5728 
37577 5730 
37578 5732 
37579 5734 
37580 5736 
37581 5738 
37582 5740 
37583 5742 
37584 5744 
37585 5746 
37586 5748 
37587 5750 
37588 5752 
37589 5754 
37590 5756 
37591 5758 
37592 5760 
37593 5762 
37594 5764 
37595 5766 
37596 5768 
37597 5770 
37598 371816 
37599 371818 
37600 371820 
37601 371822 
37602 371824 
37603 371826 
37604 373384 
37605 384594 
37606 384592 
37607 384590 
37608 388504 
37609 388502 
37610 388500 
37611 388502 
37612 388504 
37613 388506 
37614 388508 
37615 388510 
37616 388512 
37617 388514 
37618 388516 
37619 388518 
37620 388520 
37621 388522 
37622 388524 
37623 388526 
37624 388528 
37625 388530 
37626 388532 
37627 388534 
37628 388536 
37629 388538 
37630 388540 
37631 388542 
37632 388544 
37633 388546 
37634 388548 
37635 388550 
37636 388552 
37637 388554 
37638 388556 
37639 388558 
37640 388560 
37641 383150 
37642 381812 
37643 381814 
37644 381816 
37645 374302 
37646 374304 
37647 374306 
37648 270216 
37649 270218 
37650 269796 
37651 269798 
37652 269800 
37653 5182 
37654 5184 
37655 4766 
37656 4768 
37657 4366 
37658 4368 
37659 4370 
37660 3952 
37661 3586 
37662 3588 
37663 3590 
37664 3184 
37665 2814 
37666 2464 
37667 2118 
37668 2120 
37669 1734 
37670 1736 
37671 1738 
37672 1376 
37673 1002 
37674 1004 
37675 274 
37676 454368 
37677 454366 
37678 454364 
37679 454362 
37680 454360 
37681 454358 
37682 454356 
37683 454354 
37684 454352 
37685 454350 
37686 454348 
37687 454346 
37688 454344 
37689 454342 
37690 454340 
37691 454338 
37692 454336 
37693 454334 
37694 454332 
37695 454330 
37696 454328 
37697 454326 
37698 454324 
37699 454322 
37700 454320 
37701 454318 
37702 454316 
37703 454314 
37704 454312 
37705 454310 
37706 454308 
37707 454306 
37708 454304 
37709 454302 
37710 454300 
37711 454298 
37712 454296 
37713 454294 
37714 454292 
37715 454290 
37716 454288 
37717 454286 
37718 454284 
37719 454282 
37720 454280 
37721 454278 
37722 454276 
37723 454274 
37724 454272 
37725 454270 
37726 454268 
37727 454266 
37728 454264 
37729 454262 
37730 454260 
37731 454258 
37732 454256 
37733 454254 
37734 454252 
37735 454250 
37736 454248 
37737 454246 
37738 454244 
37739 454242 
37740 454240 
37741 454238 
37742 454236 
37743 454234 
37744 454232 
37745 454230 
37746 454228 
37747 454226 
37748 454224 
37749 454222 
37750 454220 
37751 454218 
37752 454216 
37753 454214 
37754 454212 
37755 454210 
37756 454208 
37757 454206 
37758 454204 
37759 454202 
37760 454200 
37761 454198 
37762 454196 
37763 454194 
37764 454192 
37765 454190 
37766 454188 
37767 454186 
37768 454188 
37769 7541 
37770 7543 
37771 6969 
37772 6395 
37773 5669 
37774 5807 
37775 5809 
37776 5811 
37777 5813 
37778 5815 
37779 5817 
37780 5819 
37781 5821 
37782 5823 
37783 5825 
37784 5827 
37785 5829 
37786 5831 
37787 5833 
37788 5835 
37789 5837 
37790 5839 
37791 5841 
37792 5843 
37793 5845 
37794 5847 
37795 5849 
37796 5851 
37797 5853 
37798 5855 
37799 5857 
37800 5859 
37801 5861 
37802 5863 
37803 5865 
37804 5867 
37805 5869 
37806 5871 
37807 7125 
37808 7123 
37809 7121 
37810 7247 
37811 7245 
37812 7243 
37813 7245 
37814 7247 
37815 7249 
37816 7251 
37817 7253 
37818 7255 
37819 7257 
37820 7259 
37821 7261 
37822 7263 
37823 7265 
37824 7267 
37825 7269 
37826 7271 
37827 7273 
37828 7275 
37829 7277 
37830 7279 
37831 7281 
37832 7283 
37833 7285 
37834 7287 
37835 7289 
37836 597039 
37837 597041 
37838 597043 
37839 597045 
37840 597047 
37841 597049 
37842 597051 
37843 597053 
37844 961911 
37845 963781 
37846 963779 
37847 963777 
37848 963775 
37849 963773 
37850 963771 
37851 963769 
37852 963767 
37853 963765 
37854 963763 
37855 963761 
37856 963759 
37857 963757 
37858 963755 
37859 963753 
37860 963751 
37861 963749 
37862 963747 
37863 963745 
37864 963743 
37865 963741 
37866 963739 
37867 963737 
37868 963739 
37869 963741 
37870 595479 
37871 595481 
37872 595483 
37873 595485 
37874 595487 
37875 595489 
37876 595491 
37877 595493 
37878 595495 
37879 595497 
37880 595499 
37881 595501 
37882 595503 
37883 595505 
37884 595507 
37885 595509 
37886 595511 
37887 595513 
37888 595515 
37889 595517 
37890 595519 
37891 595521 
37892 595523 
37893 595525 
37894 595527 
37895 595529 
37896 595531 
37897 595533 
37898 595535 
37899 201241 
37900 192871 
37901 192873 
37902 192327 
37903 192329 
37904 192331 
37905 191789 
37906 191791 
37907 191305 
37908 191307 
37909 190789 
37910 190791 
37911 190305 
37912 189787 
37913 189789 
37914 189791 
37915 189793 
37916 189795 
37917 189797 
37918 189799 
37919 189801 
37920 189803 
37921 189805 
37922 189403 
37923 189405 
37924 189479 
37925 184249 
37926 184251 
37927 5205 
37928 5207 
37929 5209 
37930 4771 
37931 4773 
37932 4775 
37933 4373 
37934 4375 
37935 4377 
37936 3955 
37937 3957 
37938 3959 
37939 3593 
37940 3191 
37941 2825 
37942 2827 
37943 2461 
37944 2463 
37945 2465 
37946 2119 
37947 1737 
37948 1379 
37949 1005 
37950 275 
37951 6874 
37952 6872 
37953 6870 
37954 14088 
37955 14426 
37956 14788 
37957 15186 
37958 15184 
37959 15182 
37960 277412 
37961 282426 
37962 282424 
37963 282422 
37964 283308 
37965 283306 
37966 287036 
37967 287034 
37968 287968 
37969 287966 
37970 287964 
37971 291922 
37972 291920 
37973 291922 
37974 284344 
37975 284722 
37976 306240 
37977 306238 
37978 307616 
37979 314746 
37980 314744 
37981 316106 
37982 324816 
37983 324814 
37984 324812 
37985 324810 
37986 324808 
37987 324806 
37988 324804 
37989 324802 
37990 324800 
37991 324798 
37992 324796 
37993 324798 
37994 324800 
37995 307246 
37996 283740 
37997 283738 
37998 283736 
37999 283734 
38000 283732 
38001 283730 
38002 283728 
38003 283726 
38004 283724 
38005 283722 
38006 283720 
38007 283718 
38008 283716 
38009 283714 
38010 283712 
38011 283710 
38012 283708 
38013 283706 
38014 283704 
38015 283702 
38016 283700 
38017 283698 
38018 283696 
38019 283698 
38020 283688 
38021 284222 
38022 284220 
38023 284218 
38024 299016 
38025 299018 
38026 299020 
38027 299022 
38028 299508 
38029 1273406 
38030 303024 
38031 303022 
38032 303020 
38033 303018 
38034 303016 
38035 303014 
38036 303012 
38037 303010 
38038 303012 
38039 303014 
38040 280884 
38041 280882 
38042 280880 
38043 280878 
38044 280876 
38045 280874 
38046 280872 
38047 280870 
38048 280868 
38049 280870 
38050 280872 
38051 5686 
38052 5832 
38053 5830 
38054 5828 
38055 5830 
38056 5832 
38057 5834 
38058 5836 
38059 5838 
38060 5840 
38061 5842 
38062 5844 
38063 5846 
38064 5848 
38065 5850 
38066 5852 
38067 5854 
38068 5856 
38069 5858 
38070 5860 
38071 5862 
38072 5864 
38073 5866 
38074 5868 
38075 5870 
38076 5872 
38077 5874 
38078 5876 
38079 5878 
38080 5880 
38081 5882 
38082 5884 
38083 5886 
38084 5888 
38085 11498 
38086 11496 
38087 11578 
38088 11576 
38089 11578 
38090 2372592 
38091 6454 
38092 6452 
38093 6450 
38094 6448 
38095 6446 
38096 6444 
38097 6442 
38098 6440 
38099 6438 
38100 6436 
38101 6434 
38102 6432 
38103 6430 
38104 6428 
38105 6426 
38106 6424 
38107 6422 
38108 6420 
38109 6418 
38110 6416 
38111 84370 
38112 82268 
38113 82270 
38114 82272 
38115 81686 
38116 45148 
38117 45150 
38118 45152 
38119 12126 
38120 12128 
38121 12130 
38122 11592 
38123 6262 
38124 169975 
38125 169973 
38126 169971 
38127 169969 
38128 169967 
38129 169965 
38130 169963 
38131 169961 
38132 169959 
38133 169957 
38134 169955 
38135 169957 
38136 169947 
38137 169949 
38138 493911 
38139 169941 
38140 171503 
38141 171501 
38142 171503 
38143 171505 
38144 171507 
38145 171509 
38146 171511 
38147 171513 
38148 171515 
38149 171517 
38150 171519 
38151 171521 
38152 171523 
38153 171525 
38154 171527 
38155 171529 
38156 171531 
38157 171533 
38158 170575 
38159 167337 
38160 167335 
38161 167333 
38162 167331 
38163 167329 
38164 167327 
38165 167325 
38166 167323 
38167 167321 
38168 167319 
38169 167317 
38170 167315 
38171 167313 
38172 167311 
38173 167309 
38174 167307 
38175 167305 
38176 167303 
38177 167301 
38178 167299 
38179 167297 
38180 167295 
38181 167293 
38182 167291 
38183 167289 
38184 167287 
38185 167285 
38186 167283 
38187 167281 
38188 167279 
38189 167277 
38190 167275 
38191 167273 
38192 167271 
38193 167269 
38194 167267 
38195 167265 
38196 167263 
38197 167261 
38198 167259 
38199 167257 
38200 167255 
38201 167253 
38202 5228 
38203 4806 
38204 4808 
38205 4402 
38206 4404 
38207 4406 
38208 3980 
38209 3982 
38210 3984 
38211 3614 
38212 3208 
38213 3210 
38214 2836 
38215 2482 
38216 2484 
38217 2134 
38218 2136 
38219 2138 
38220 1748 
38221 1386 
38222 1388 
38223 1010 
38224 1012 
38225 1014 
38226 276 
38227 6937 
38228 6935 
38229 6933 
38230 7551 
38231 7553 
38232 7415 
38233 7413 
38234 7411 
38235 7409 
38236 7407 
38237 7405 
38238 7403 
38239 7401 
38240 7399 
38241 7397 
38242 7395 
38243 7397 
38244 7399 
38245 6517 
38246 6519 
38247 6401 
38248 6399 
38249 6397 
38250 6395 
38251 6393 
38252 6391 
38253 6389 
38254 6387 
38255 6385 
38256 6383 
38257 6381 
38258 6379 
38259 6381 
38260 5823 
38261 682693 
38262 5831 
38263 5829 
38264 5831 
38265 5833 
38266 5835 
38267 5837 
38268 5839 
38269 5841 
38270 5843 
38271 5845 
38272 5847 
38273 5849 
38274 5851 
38275 5853 
38276 5855 
38277 5857 
38278 5859 
38279 5861 
38280 5863 
38281 5865 
38282 5867 
38283 5869 
38284 5871 
38285 5873 
38286 5875 
38287 5877 
38288 5879 
38289 5881 
38290 5883 
38291 5885 
38292 5887 
38293 5889 
38294 5891 
38295 5893 
38296 5895 
38297 5897 
38298 5899 
38299 5901 
38300 5903 
38301 5905 
38302 5907 
38303 5909 
38304 5911 
38305 5913 
38306 5915 
38307 5917 
38308 5919 
38309 5921 
38310 5923 
38311 5925 
38312 5927 
38313 5929 
38314 5931 
38315 5933 
38316 5935 
38317 5937 
38318 5939 
38319 5941 
38320 5943 
38321 5945 
38322 1242692 
38323 1242690 
38324 1242688 
38325 1242690 
38326 1242692 
38327 1242694 
38328 1242696 
38329 1242698 
38330 1242700 
38331 1242702 
38332 1242704 
38333 1242706 
38334 1242708 
38335 1242710 
38336 1242712 
38337 1242714 
38338 1242716 
38339 1242718 
38340 1242720 
38341 1242722 
38342 2045588 
38343 2045586 
38344 2045588 
38345 2045590 
38346 2045592 
38347 2045594 
38348 2045596 
38349 2045598 
38350 2045600 
38351 2045602 
38352 2045604 
38353 2045606 
38354 2045608 
38355 2045610 
38356 2045612 
38357 2045614 
38358 2045616 
38359 2045618 
38360 2045620 
38361 2045622 
38362 2045624 
38363 5681 
38364 5795 
38365 5793 
38366 5791 
38367 5793 
38368 5795 
38369 5797 
38370 5799 
38371 5801 
38372 5803 
38373 5805 
38374 5807 
38375 5809 
38376 5811 
38377 5813 
38378 5815 
38379 5817 
38380 5819 
38381 5821 
38382 5823 
38383 5825 
38384 5827 
38385 5829 
38386 5831 
38387 5833 
38388 5835 
38389 5837 
38390 5839 
38391 5841 
38392 5843 
38393 5845 
38394 5847 
38395 5849 
38396 5851 
38397 5853 
38398 5855 
38399 5857 
38400 5859 
38401 5861 
38402 6355 
38403 6353 
38404 6351 
38405 912185 
38406 912183 
38407 912181 
38408 912179 
38409 912177 
38410 912175 
38411 912173 
38412 912171 
38413 912169 
38414 912167 
38415 912165 
38416 912163 
38417 912161 
38418 912159 
38419 912157 
38420 912155 
38421 912153 
38422 912151 
38423 912149 
38424 912147 
38425 912145 
38426 912143 
38427 912141 
38428 912139 
38429 912137 
38430 912135 
38431 912133 
38432 912131 
38433 912129 
38434 912127 
38435 912125 
38436 912123 
38437 912121 
38438 912119 
38439 912117 
38440 912115 
38441 912113 
38442 912111 
38443 912109 
38444 912107 
38445 912105 
38446 912103 
38447 912101 
38448 912099 
38449 912097 
38450 912095 
38451 912093 
38452 912091 
38453 912089 
38454 911627 
38455 1025549 
38456 1025547 
38457 1025545 
38458 1025543 
38459 1025541 
38460 1025539 
38461 1025537 
38462 1025535 
38463 1025533 
38464 1025535 
38465 1025537 
38466 968323 
38467 1046245 
38468 1046243 
38469 1046941 
38470 1047979 
38471 1047977 
38472 920071 
38473 920073 
38474 811855 
38475 3239737 
38476 811863 
38477 811861 
38478 811863 
38479 811865 
38480 1621384 
38481 1621386 
38482 5243 
38483 4817 
38484 4819 
38485 4413 
38486 4415 
38487 4417 
38488 3995 
38489 3625 
38490 3627 
38491 3629 
38492 3219 
38493 2845 
38494 2491 
38495 2141 
38496 2143 
38497 1753 
38498 1755 
38499 1757 
38500 1391 
38501 1013 
38502 1015 
38503 277 
38504 506823 
38505 506821 
38506 506819 
38507 506817 
38508 506819 
38509 506809 
38510 507107 
38511 507105 
38512 507103 
38513 507481 
38514 507479 
38515 584445 
38516 585615 
38517 585613 
38518 585611 
38519 585609 
38520 585607 
38521 585605 
38522 585603 
38523 585601 
38524 585599 
38525 585597 
38526 585595 
38527 585593 
38528 585591 
38529 585589 
38530 585587 
38531 585585 
38532 585583 
38533 585581 
38534 585579 
38535 585577 
38536 585575 
38537 585573 
38538 585571 
38539 585569 
38540 585567 
38541 585565 
38542 600843 
38543 614341 
38544 600855 
38545 600853 
38546 601891 
38547 601893 
38548 601895 
38549 601897 
38550 601899 
38551 601901 
38552 601903 
38553 601905 
38554 601907 
38555 601909 
38556 598391 
38557 598389 
38558 598387 
38559 598385 
38560 598383 
38561 598381 
38562 598383 
38563 598385 
38564 494251 
38565 494249 
38566 494247 
38567 494245 
38568 494243 
38569 494241 
38570 494239 
38571 494237 
38572 494235 
38573 494233 
38574 494231 
38575 494229 
38576 494227 
38577 494225 
38578 494223 
38579 494221 
38580 494219 
38581 494217 
38582 494215 
38583 494213 
38584 494211 
38585 494213 
38586 494215 
38587 494217 
38588 494219 
38589 494221 
38590 494223 
38591 494225 
38592 494227 
38593 494229 
38594 494231 
38595 494233 
38596 494235 
38597 494237 
38598 494239 
38599 494241 
38600 494243 
38601 494245 
38602 494247 
38603 494249 
38604 494251 
38605 494253 
38606 494255 
38607 494257 
38608 494259 
38609 436377 
38610 436379 
38611 436381 
38612 436383 
38613 436385 
38614 436387 
38615 436389 
38616 436391 
38617 436393 
38618 436395 
38619 436397 
38620 436399 
38621 436401 
38622 436403 
38623 436405 
38624 436407 
38625 436409 
38626 436411 
38627 436413 
38628 436415 
38629 436417 
38630 436419 
38631 435989 
38632 961868 
38633 961866 
38634 961864 
38635 961862 
38636 961860 
38637 961862 
38638 961864 
38639 435997 
38640 435999 
38641 436001 
38642 436003 
38643 436017 
38644 436015 
38645 436013 
38646 516051 
38647 516053 
38648 515107 
38649 515109 
38650 454755 
38651 338397 
38652 338395 
38653 338393 
38654 338391 
38655 338389 
38656 338387 
38657 338385 
38658 338383 
38659 338381 
38660 338379 
38661 338377 
38662 338375 
38663 338373 
38664 338371 
38665 338369 
38666 338367 
38667 338365 
38668 338363 
38669 338361 
38670 338359 
38671 338357 
38672 338355 
38673 338353 
38674 338351 
38675 338349 
38676 338347 
38677 338345 
38678 338343 
38679 338341 
38680 338339 
38681 338337 
38682 338335 
38683 338333 
38684 338331 
38685 338329 
38686 338327 
38687 338325 
38688 338323 
38689 338321 
38690 338319 
38691 338317 
38692 338315 
38693 338313 
38694 338311 
38695 338309 
38696 338307 
38697 338305 
38698 338303 
38699 338301 
38700 338299 
38701 338297 
38702 338295 
38703 338293 
38704 338291 
38705 338289 
38706 338287 
38707 338285 
38708 338283 
38709 338281 
38710 338279 
38711 338277 
38712 338275 
38713 338273 
38714 338271 
38715 338269 
38716 338267 
38717 338265 
38718 338263 
38719 338261 
38720 338259 
38721 338261 
38722 337747 
38723 337745 
38724 337743 
38725 337741 
38726 337739 
38727 337737 
38728 337735 
38729 337733 
38730 337731 
38731 337729 
38732 337727 
38733 337725 
38734 337723 
38735 337721 
38736 337719 
38737 337717 
38738 337715 
38739 337713 
38740 337711 
38741 337709 
38742 337707 
38743 337705 
38744 337703 
38745 337701 
38746 337699 
38747 337697 
38748 337695 
38749 337693 
38750 337691 
38751 337689 
38752 337687 
38753 337685 
38754 337683 
38755 337681 
38756 337679 
38757 337677 
38758 337675 
38759 337673 
38760 337671 
38761 337669 
38762 337667 
38763 337665 
38764 337663 
38765 4410 
38766 4412 
38767 3994 
38768 3996 
38769 3998 
38770 3632 
38771 3226 
38772 2856 
38773 2858 
38774 2488 
38775 2490 
38776 2492 
38777 2142 
38778 1756 
38779 1394 
38780 1016 
38781 278 
38782 6307 
38783 6305 
38784 6303 
38785 6301 
38786 6299 
38787 6297 
38788 6295 
38789 6293 
38790 6291 
38791 6289 
38792 6287 
38793 6285 
38794 6283 
38795 6281 
38796 6279 
38797 6277 
38798 6275 
38799 6273 
38800 6271 
38801 6269 
38802 6271 
38803 6221 
38804 29663 
38805 29661 
38806 407707 
38807 407705 
38808 407707 
38809 407709 
38810 407711 
38811 407713 
38812 407715 
38813 407717 
38814 407719 
38815 407721 
38816 407723 
38817 407725 
38818 407727 
38819 407729 
38820 407731 
38821 407733 
38822 407735 
38823 407737 
38824 407739 
38825 407741 
38826 407743 
38827 407745 
38828 407747 
38829 407749 
38830 407751 
38831 407753 
38832 407755 
38833 407757 
38834 407759 
38835 407761 
38836 407763 
38837 407765 
38838 407767 
38839 407769 
38840 407771 
38841 407773 
38842 407775 
38843 407777 
38844 407779 
38845 407781 
38846 407783 
38847 407785 
38848 407787 
38849 407789 
38850 407791 
38851 407793 
38852 407795 
38853 407797 
38854 407799 
38855 407801 
38856 407803 
38857 407805 
38858 407807 
38859 407809 
38860 407811 
38861 407813 
38862 407815 
38863 407817 
38864 407819 
38865 407821 
38866 407823 
38867 407825 
38868 407827 
38869 407829 
38870 407831 
38871 407833 
38872 407835 
38873 407837 
38874 407839 
38875 407841 
38876 407843 
38877 407845 
38878 407847 
38879 407849 
38880 407851 
38881 407853 
38882 407855 
38883 407857 
38884 407859 
38885 407861 
38886 407863 
38887 407865 
38888 407867 
38889 407869 
38890 407871 
38891 407873 
38892 407875 
38893 407877 
38894 407879 
38895 407881 
38896 407883 
38897 407885 
38898 29179 
38899 29177 
38900 29175 
38901 29173 
38902 29171 
38903 29169 
38904 29171 
38905 29173 
38906 6647 
38907 695401 
38908 695399 
38909 695401 
38910 699431 
38911 699429 
38912 699427 
38913 699425 
38914 699423 
38915 699421 
38916 699419 
38917 699417 
38918 699415 
38919 699413 
38920 699411 
38921 699409 
38922 699407 
38923 699405 
38924 699403 
38925 699401 
38926 699399 
38927 699397 
38928 699395 
38929 699393 
38930 699391 
38931 699389 
38932 699387 
38933 699385 
38934 699387 
38935 5713 
38936 5811 
38937 5813 
38938 5815 
38939 5817 
38940 5819 
38941 5821 
38942 5823 
38943 5825 
38944 5827 
38945 5829 
38946 5831 
38947 5833 
38948 5835 
38949 5837 
38950 5839 
38951 5841 
38952 5843 
38953 5845 
38954 5847 
38955 5849 
38956 5851 
38957 5853 
38958 5855 
38959 5857 
38960 5859 
38961 5861 
38962 5863 
38963 5865 
38964 5867 
38965 5869 
38966 5871 
38967 5873 
38968 5875 
38969 5877 
38970 5879 
38971 5881 
38972 5883 
38973 5885 
38974 5887 
38975 193649 
38976 193647 
38977 193645 
38978 193643 
38979 193641 
38980 193639 
38981 193637 
38982 193635 
38983 486945 
38984 486943 
38985 486941 
38986 533171 
38987 533169 
38988 533171 
38989 536861 
38990 538015 
38991 566409 
38992 545187 
38993 545185 
38994 587787 
38995 534037 
38996 534039 
38997 534041 
38998 534043 
38999 534045 
39000 534047 
39001 534049 
39002 534051 
39003 534053 
39004 534055 
39005 534057 
39006 534059 
39007 534061 
39008 534063 
39009 534065 
39010 534067 
39011 534069 
39012 534071 
39013 8469 
39014 9551 
39015 2206441 
39016 2206443 
39017 2206445 
39018 2206447 
39019 2206449 
39020 2206451 
39021 2206453 
39022 2206455 
39023 2206457 
39024 2206459 
39025 2206461 
39026 2206463 
39027 4355710 
39028 4355712 
39029 4355714 
39030 4355716 
39031 4355718 
39032 4355720 
39033 10453 
39034 10063 
39035 10065 
39036 5279 
39037 5281 
39038 4851 
39039 4853 
39040 4855 
39041 4445 
39042 4023 
39043 4025 
39044 3655 
39045 3657 
39046 3659 
39047 3245 
39048 2867 
39049 2509 
39050 2511 
39051 2157 
39052 2159 
39053 2161 
39054 1767 
39055 1401 
39056 1403 
39057 1021 
39058 1023 
39059 1025 
39060 279 
39061 6214 
39062 6212 
39063 6586 
39064 6584 
39065 6962 
39066 7320 
39067 7318 
39068 7716 
39069 7714 
39070 7712 
39071 8102 
39072 8100 
39073 8098 
39074 9812 
39075 9810 
39076 9808 
39077 10226 
39078 10224 
39079 10646 
39080 11484 
39081 11918 
39082 11060 
39083 11062 
39084 9332 
39085 768130 
39086 9340 
39087 9338 
39088 9340 
39089 9342 
39090 9344 
39091 9346 
39092 9348 
39093 9350 
39094 9352 
39095 9354 
39096 9356 
39097 9358 
39098 9360 
39099 9362 
39100 9364 
39101 9366 
39102 9368 
39103 9370 
39104 9372 
39105 9374 
39106 9376 
39107 9378 
39108 9380 
39109 9382 
39110 8484 
39111 8482 
39112 8484 
39113 158945 
39114 8476 
39115 176601 
39116 176599 
39117 176981 
39118 250183 
39119 250181 
39120 268691 
39121 268689 
39122 268687 
39123 297309 
39124 297311 
39125 262825 
39126 262823 
39127 262821 
39128 262819 
39129 262817 
39130 262815 
39131 262813 
39132 262811 
39133 262809 
39134 262807 
39135 262805 
39136 262803 
39137 262801 
39138 262803 
39139 262805 
39140 248339 
39141 248341 
39142 248343 
39143 248345 
39144 248347 
39145 248349 
39146 248351 
39147 248353 
39148 248355 
39149 248357 
39150 248359 
39151 248361 
39152 248363 
39153 248365 
39154 248367 
39155 248369 
39156 248371 
39157 248373 
39158 248375 
39159 248377 
39160 248379 
39161 248249 
39162 248167 
39163 177501 
39164 177499 
39165 177497 
39166 177495 
39167 177493 
39168 177491 
39169 177489 
39170 177487 
39171 177485 
39172 177483 
39173 5818 
39174 749619 
39175 5826 
39176 5824 
39177 5826 
39178 5828 
39179 5830 
39180 5832 
39181 5834 
39182 5836 
39183 5838 
39184 5840 
39185 5842 
39186 5844 
39187 5846 
39188 5848 
39189 5850 
39190 5756 
39191 5886 
39192 5884 
39193 5882 
39194 5884 
39195 5886 
39196 5888 
39197 5890 
39198 5892 
39199 5894 
39200 5896 
39201 5898 
39202 5900 
39203 5902 
39204 5904 
39205 5906 
39206 5908 
39207 5910 
39208 5912 
39209 5914 
39210 5916 
39211 5918 
39212 5920 
39213 5922 
39214 5924 
39215 5926 
39216 5928 
39217 5930 
39218 5932 
39219 5934 
39220 5936 
39221 5938 
39222 5940 
39223 5942 
39224 5944 
39225 5946 
39226 6500 
39227 6498 
39228 6496 
39229 6494 
39230 6492 
39231 6490 
39232 6488 
39233 6486 
39234 6484 
39235 6482 
39236 6480 
39237 6478 
39238 6476 
39239 6474 
39240 6472 
39241 6470 
39242 6468 
39243 6466 
39244 6464 
39245 6462 
39246 6460 
39247 6458 
39248 6456 
39249 6454 
39250 6452 
39251 6450 
39252 6448 
39253 6446 
39254 6444 
39255 6442 
39256 6440 
39257 6438 
39258 8464 
39259 8462 
39260 8460 
39261 8462 
39262 8464 
39263 8466 
39264 8468 
39265 8470 
39266 8472 
39267 8474 
39268 8476 
39269 8478 
39270 8480 
39271 135286 
39272 135284 
39273 135282 
39274 135280 
39275 135278 
39276 135276 
39277 135274 
39278 135272 
39279 135270 
39280 135268 
39281 135266 
39282 135264 
39283 135458 
39284 139720 
39285 139718 
39286 140876 
39287 141062 
39288 141060 
39289 141058 
39290 143380 
39291 143590 
39292 140256 
39293 8618 
39294 8856 
39295 8854 
39296 8852 
39297 8854 
39298 8856 
39299 8858 
39300 8860 
39301 8862 
39302 8864 
39303 8866 
39304 8868 
39305 8870 
39306 8872 
39307 8874 
39308 8876 
39309 8878 
39310 8880 
39311 8882 
39312 8884 
39313 8886 
39314 8888 
39315 7870 
39316 7872 
39317 7874 
39318 7012 
39319 5306 
39320 4868 
39321 4870 
39322 4460 
39323 4462 
39324 4464 
39325 4034 
39326 4036 
39327 4038 
39328 3664 
39329 3254 
39330 2880 
39331 2514 
39332 2164 
39333 2166 
39334 1772 
39335 1774 
39336 1776 
39337 1406 
39338 1024 
39339 1026 
39340 280 
39341 152406 
39342 152408 
39343 160886 
39344 160884 
39345 161242 
39346 161240 
39347 161238 
39348 161240 
39349 161242 
39350 161244 
39351 161246 
39352 161248 
39353 161250 
39354 161252 
39355 161254 
39356 161256 
39357 161258 
39358 151788 
39359 151798 
39360 151796 
39361 151798 
39362 151800 
39363 151802 
39364 151804 
39365 151806 
39366 151808 
39367 151810 
39368 151812 
39369 151814 
39370 151816 
39371 151818 
39372 151820 
39373 151822 
39374 151824 
39375 151826 
39376 151828 
39377 151830 
39378 151832 
39379 151834 
39380 151836 
39381 151838 
39382 151840 
39383 151842 
39384 151844 
39385 151846 
39386 151848 
39387 151850 
39388 151852 
39389 151854 
39390 151856 
39391 151858 
39392 151860 
39393 151862 
39394 151864 
39395 151866 
39396 151868 
39397 151870 
39398 151872 
39399 85850 
39400 85848 
39401 85846 
39402 85844 
39403 85842 
39404 85840 
39405 85842 
39406 85832 
39407 86358 
39408 86356 
39409 86830 
39410 91556 
39411 91554 
39412 92424 
39413 92426 
39414 92428 
39415 90958 
39416 90960 
39417 89758 
39418 89564 
39419 89566 
39420 89372 
39421 89374 
39422 89376 
39423 89186 
39424 89004 
39425 89006 
39426 88828 
39427 88830 
39428 88832 
39429 88670 
39430 88504 
39431 88506 
39432 88356 
39433 88358 
39434 88360 
39435 88202 
39436 88052 
39437 88054 
39438 87908 
39439 87910 
39440 87912 
39441 87770 
39442 87772 
39443 87638 
39444 87512 
39445 87514 
39446 87516 
39447 87266 
39448 102372 
39449 102374 
39450 102376 
39451 102378 
39452 102380 
39453 102382 
39454 102384 
39455 102386 
39456 102388 
39457 102390 
39458 102392 
39459 102394 
39460 102396 
39461 102398 
39462 102400 
39463 102402 
39464 102404 
39465 102406 
39466 102408 
39467 102410 
39468 102412 
39469 102414 
39470 107108 
39471 107110 
39472 107112 
39473 107114 
39474 107116 
39475 107118 
39476 107120 
39477 107122 
39478 107124 
39479 107126 
39480 107128 
39481 107618 
39482 107616 
39483 107614 
39484 106948 
39485 106950 
39486 106952 
39487 106954 
39488 106956 
39489 106958 
39490 106960 
39491 106962 
39492 106964 
39493 106966 
39494 106968 
39495 106970 
39496 106972 
39497 106974 
39498 106976 
39499 106978 
39500 106980 
39501 106982 
39502 106984 
39503 106986 
39504 106988 
39505 106990 
39506 106992 
39507 106994 
39508 106996 
39509 106998 
39510 107000 
39511 107002 
39512 107004 
39513 107006 
39514 107008 
39515 107010 
39516 107012 
39517 107014 
39518 107016 
39519 341366 
39520 341364 
39521 329198 
39522 329256 
39523 329254 
39524 329256 
39525 329258 
39526 329260 
39527 329262 
39528 329264 
39529 329266 
39530 329268 
39531 329270 
39532 329272 
39533 329274 
39534 329276 
39535 329278 
39536 329280 
39537 329282 
39538 329284 
39539 338138 
39540 338136 
39541 338134 
39542 338132 
39543 338130 
39544 338128 
39545 338130 
39546 328356 
39547 106886 
39548 106364 
39549 106362 
39550 106360 
39551 106358 
39552 106356 
39553 106354 
39554 106352 
39555 106350 
39556 106348 
39557 106346 
39558 106344 
39559 106342 
39560 106340 
39561 106338 
39562 106336 
39563 106334 
39564 106332 
39565 106330 
39566 106328 
39567 106326 
39568 106324 
39569 106322 
39570 106320 
39571 106318 
39572 106316 
39573 106314 
39574 106312 
39575 106310 
39576 106308 
39577 106306 
39578 106308 
39579 106310 
39580 105736 
39581 105230 
39582 104192 
39583 103682 
39584 103680 
39585 103678 
39586 103676 
39587 103674 
39588 103672 
39589 103670 
39590 103668 
39591 103666 
39592 103664 
39593 103662 
39594 103660 
39595 103658 
39596 103656 
39597 103654 
39598 103652 
39599 103650 
39600 103648 
39601 103646 
39602 103644 
39603 103642 
39604 103640 
39605 103638 
39606 103636 
39607 103634 
39608 103636 
39609 101598 
39610 101600 
39611 101602 
39612 88220 
39613 88222 
39614 2883 
39615 2885 
39616 2511 
39617 2165 
39618 1775 
39619 1409 
39620 1027 
39621 281 
39622 1101920 
39623 1101918 
39624 1101916 
39625 1101914 
39626 1101912 
39627 1101910 
39628 1101908 
39629 1101906 
39630 1101904 
39631 1101902 
39632 1101900 
39633 1101898 
39634 1101896 
39635 1101894 
39636 1101892 
39637 1101890 
39638 1101888 
39639 1101886 
39640 7792 
39641 7794 
39642 7548 
39643 5248562 
39644 7556 
39645 7554 
39646 7556 
39647 7558 
39648 7560 
39649 7562 
39650 7564 
39651 7566 
39652 7568 
39653 7570 
39654 7572 
39655 7574 
39656 7576 
39657 7578 
39658 7580 
39659 7582 
39660 7584 
39661 7586 
39662 7588 
39663 7590 
39664 7592 
39665 7594 
39666 7596 
39667 7598 
39668 7600 
39669 7602 
39670 7604 
39671 7606 
39672 7608 
39673 7610 
39674 7612 
39675 7614 
39676 7616 
39677 7618 
39678 7620 
39679 7622 
39680 7624 
39681 7626 
39682 7628 
39683 7630 
39684 7632 
39685 7634 
39686 7636 
39687 7638 
39688 7640 
39689 7642 
39690 7644 
39691 7646 
39692 7648 
39693 7650 
39694 7436 
39695 7438 
39696 5892 
39697 5902 
39698 5900 
39699 5902 
39700 5904 
39701 5906 
39702 5908 
39703 5910 
39704 5912 
39705 5914 
39706 5916 
39707 5918 
39708 5920 
39709 5922 
39710 5924 
39711 5926 
39712 5928 
39713 5930 
39714 5932 
39715 5934 
39716 5936 
39717 5938 
39718 5940 
39719 5942 
39720 5944 
39721 5946 
39722 5948 
39723 5950 
39724 5952 
39725 5954 
39726 5956 
39727 5958 
39728 5960 
39729 5962 
39730 5964 
39731 5966 
39732 5968 
39733 5970 
39734 5972 
39735 5974 
39736 5976 
39737 5978 
39738 5980 
39739 5982 
39740 5984 
39741 5986 
39742 5988 
39743 5990 
39744 5992 
39745 5994 
39746 5996 
39747 5998 
39748 6000 
39749 6002 
39750 6004 
39751 6006 
39752 6008 
39753 6010 
39754 5792 
39755 5914 
39756 5912 
39757 5914 
39758 5916 
39759 5918 
39760 5920 
39761 5922 
39762 5924 
39763 5926 
39764 5928 
39765 5930 
39766 5932 
39767 5934 
39768 5936 
39769 5938 
39770 5940 
39771 5942 
39772 5944 
39773 5946 
39774 5948 
39775 5950 
39776 5952 
39777 5954 
39778 5956 
39779 5958 
39780 5960 
39781 5962 
39782 5964 
39783 5966 
39784 5968 
39785 5970 
39786 5972 
39787 5974 
39788 5976 
39789 5978 
39790 5980 
39791 5982 
39792 92791 
39793 92789 
39794 92787 
39795 92785 
39796 92783 
39797 92781 
39798 92779 
39799 92777 
39800 92775 
39801 92773 
39802 92771 
39803 92769 
39804 92767 
39805 92765 
39806 92763 
39807 92761 
39808 92759 
39809 92757 
39810 92755 
39811 92753 
39812 92751 
39813 92749 
39814 92747 
39815 92745 
39816 92743 
39817 92741 
39818 92739 
39819 92737 
39820 92735 
39821 92733 
39822 92731 
39823 92729 
39824 92727 
39825 92725 
39826 92723 
39827 92721 
39828 92719 
39829 92717 
39830 92715 
39831 92713 
39832 92711 
39833 92709 
39834 92707 
39835 92705 
39836 92703 
39837 92701 
39838 92699 
39839 92697 
39840 92695 
39841 92693 
39842 92691 
39843 92689 
39844 92687 
39845 92685 
39846 92683 
39847 92681 
39848 92679 
39849 92677 
39850 92675 
39851 92673 
39852 92671 
39853 92669 
39854 92667 
39855 92665 
39856 92663 
39857 92661 
39858 92659 
39859 92657 
39860 92655 
39861 92653 
39862 92651 
39863 92649 
39864 92647 
39865 92645 
39866 92643 
39867 92641 
39868 92639 
39869 92637 
39870 92635 
39871 92633 
39872 92631 
39873 92629 
39874 92627 
39875 92625 
39876 92623 
39877 8090 
39878 8092 
39879 5342 
39880 5344 
39881 5346 
39882 4916 
39883 4918 
39884 4508 
39885 4078 
39886 3704 
39887 3706 
39888 3708 
39889 3286 
39890 2900 
39891 2902 
39892 2904 
39893 2538 
39894 2180 
39895 2182 
39896 2184 
39897 1786 
39898 1416 
39899 1418 
39900 1032 
39901 1034 
39902 1036 
39903 282 
39904 161608 
39905 161606 
39906 161604 
39907 161602 
39908 161600 
39909 161598 
39910 161596 
39911 161594 
39912 161592 
39913 161590 
39914 161592 
39915 161594 
39916 161596 
39917 161598 
39918 161600 
39919 161602 
39920 161604 
39921 161606 
39922 161608 
39923 161610 
39924 161612 
39925 161614 
39926 161616 
39927 161618 
39928 161620 
39929 161622 
39930 161624 
39931 161626 
39932 161628 
39933 161630 
39934 161632 
39935 161634 
39936 161636 
39937 161638 
39938 161640 
39939 161642 
39940 161644 
39941 356458 
39942 356456 
39943 356454 
39944 356504 
39945 356502 
39946 356500 
39947 356498 
39948 356496 
39949 356494 
39950 356492 
39951 356490 
39952 356488 
39953 356486 
39954 356484 
39955 356482 
39956 356480 
39957 356478 
39958 356476 
39959 356478 
39960 356468 
39961 356470 
39962 356940 
39963 356938 
39964 356936 
39965 356934 
39966 356932 
39967 356930 
39968 356928 
39969 356926 
39970 356924 
39971 356922 
39972 356920 
39973 356918 
39974 356916 
39975 356914 
39976 356912 
39977 356910 
39978 356908 
39979 356906 
39980 356904 
39981 356902 
39982 356900 
39983 356898 
39984 356896 
39985 356894 
39986 356892 
39987 356890 
39988 356888 
39989 356042 
39990 356044 
39991 164034 
39992 164036 
39993 163866 
39994 163868 
39995 163870 
39996 5903 
39997 5905 
39998 5907 
39999 5909 
40000 5911 
40001 5913 
40002 5915 
40003 5917 
40004 5919 
40005 5921 
40006 5923 
40007 5925 
40008 5927 
40009 5929 
40010 5931 
40011 5933 
40012 5935 
40013 5937 
40014 5939 
40015 5941 
40016 5943 
40017 5945 
40018 5947 
40019 5949 
40020 5951 
40021 5953 
40022 5955 
40023 5957 
40024 5959 
40025 5961 
40026 5963 
40027 5965 
40028 5967 
40029 5969 
40030 5971 
40031 5973 
40032 5975 
40033 5977 
40034 5979 
40035 5981 
40036 5983 
40037 5817 
40038 5939 
40039 5941 
40040 5943 
40041 5945 
40042 5947 
40043 5949 
40044 5951 
40045 5953 
40046 5955 
40047 5957 
40048 5959 
40049 5961 
40050 5963 
40051 5965 
40052 5967 
40053 5969 
40054 5971 
40055 5973 
40056 5975 
40057 5977 
40058 5979 
40059 5981 
40060 5983 
40061 5985 
40062 5987 
40063 5989 
40064 5991 
40065 5993 
40066 5995 
40067 5997 
40068 5999 
40069 6001 
40070 6003 
40071 6005 
40072 6007 
40073 6009 
40074 6451 
40075 6449 
40076 6447 
40077 22473 
40078 22471 
40079 22469 
40080 22471 
40081 22473 
40082 22475 
40083 22477 
40084 22479 
40085 22481 
40086 22483 
40087 22485 
40088 22487 
40089 22489 
40090 22491 
40091 22493 
40092 22495 
40093 22497 
40094 22499 
40095 22501 
40096 22503 
40097 22505 
40098 22507 
40099 22509 
40100 22511 
40101 22513 
40102 22515 
40103 22517 
40104 22519 
40105 22521 
40106 22687 
40107 22689 
40108 22691 
40109 22693 
40110 22695 
40111 22697 
40112 22699 
40113 22701 
40114 22703 
40115 22705 
40116 22707 
40117 22709 
40118 22711 
40119 194349 
40120 194347 
40121 194345 
40122 194343 
40123 194345 
40124 194347 
40125 32405 
40126 32403 
40127 32401 
40128 32399 
40129 32397 
40130 32395 
40131 32393 
40132 32391 
40133 32389 
40134 32387 
40135 31917 
40136 31919 
40137 30769 
40138 30771 
40139 30773 
40140 30299 
40141 30301 
40142 30303 
40143 29897 
40144 29431 
40145 29433 
40146 29435 
40147 23613 
40148 23615 
40149 23617 
40150 22327 
40151 22325 
40152 22323 
40153 22321 
40154 22323 
40155 7865 
40156 7867 
40157 7429 
40158 7431 
40159 6973 
40160 6975 
40161 6977 
40162 5363 
40163 5365 
40164 5367 
40165 4921 
40166 4923 
40167 4925 
40168 4507 
40169 4509 
40170 4511 
40171 4077 
40172 4079 
40173 4081 
40174 3703 
40175 3289 
40176 2911 
40177 2541 
40178 2187 
40179 2189 
40180 1791 
40181 1793 
40182 1795 
40183 1421 
40184 1035 
40185 1037 
40186 283 
40187 87102 
40188 87104 
40189 87106 
40190 87108 
40191 87110 
40192 87112 
40193 87114 
40194 87116 
40195 87118 
40196 87120 
40197 87122 
40198 87124 
40199 87126 
40200 87128 
40201 87130 
40202 87132 
40203 87134 
40204 87136 
40205 87138 
40206 87140 
40207 87142 
40208 87144 
40209 87146 
40210 87148 
40211 87150 
40212 87152 
40213 87154 
40214 87156 
40215 87158 
40216 87160 
40217 87162 
40218 87164 
40219 87166 
40220 87168 
40221 87170 
40222 87172 
40223 87174 
40224 87176 
40225 87178 
40226 87180 
40227 87182 
40228 87184 
40229 87186 
40230 87188 
40231 87190 
40232 87192 
40233 87194 
40234 87196 
40235 87198 
40236 87200 
40237 87202 
40238 87204 
40239 87206 
40240 87208 
40241 87210 
40242 87212 
40243 87214 
40244 87216 
40245 87218 
40246 87220 
40247 87222 
40248 87224 
40249 87226 
40250 87228 
40251 87230 
40252 87232 
40253 87234 
40254 87236 
40255 87238 
40256 87240 
40257 87242 
40258 87244 
40259 87246 
40260 87248 
40261 87250 
40262 87252 
40263 87254 
40264 87256 
40265 87258 
40266 87260 
40267 87262 
40268 87264 
40269 87266 
40270 87268 
40271 87270 
40272 236156 
40273 236158 
40274 236160 
40275 236162 
40276 236164 
40277 236166 
40278 236168 
40279 236170 
40280 225080 
40281 225078 
40282 225076 
40283 225074 
40284 225072 
40285 225070 
40286 225068 
40287 225066 
40288 225064 
40289 225062 
40290 225060 
40291 225058 
40292 225056 
40293 225054 
40294 225052 
40295 225054 
40296 225044 
40297 238746 
40298 238744 
40299 238742 
40300 266912 
40301 266910 
40302 266908 
40303 266910 
40304 266912 
40305 266914 
40306 266916 
40307 86722 
40308 86724 
40309 86726 
40310 86728 
40311 86730 
40312 86732 
40313 86734 
40314 86736 
40315 86738 
40316 86740 
40317 86742 
40318 86744 
40319 86746 
40320 86748 
40321 86750 
40322 86752 
40323 86754 
40324 86756 
40325 86758 
40326 86760 
40327 86762 
40328 86764 
40329 86766 
40330 86768 
40331 86770 
40332 86772 
40333 86774 
40334 86776 
40335 86778 
40336 86780 
40337 86782 
40338 86784 
40339 86786 
40340 86788 
40341 86790 
40342 86792 
40343 86794 
40344 86796 
40345 86798 
40346 86800 
40347 86802 
40348 86804 
40349 86806 
40350 86808 
40351 86810 
40352 86812 
40353 86814 
40354 86816 
40355 86818 
40356 86820 
40357 86822 
40358 86824 
40359 86826 
40360 86828 
40361 86830 
40362 86832 
40363 86834 
40364 86836 
40365 86838 
40366 86840 
40367 86842 
40368 86844 
40369 86846 
40370 86848 
40371 86850 
40372 86852 
40373 86854 
40374 86856 
40375 86858 
40376 86860 
40377 86862 
40378 86864 
40379 86866 
40380 86868 
40381 86870 
40382 86872 
40383 86874 
40384 86876 
40385 86878 
40386 86880 
40387 86882 
40388 86884 
40389 86886 
40390 86888 
40391 86890 
40392 86892 
40393 86894 
40394 86896 
40395 86898 
40396 86900 
40397 86902 
40398 86904 
40399 86906 
40400 86908 
40401 86910 
40402 86912 
40403 86914 
40404 86916 
40405 86918 
40406 86920 
40407 86922 
40408 86924 
40409 86926 
40410 86928 
40411 86930 
40412 86932 
40413 86934 
40414 86936 
40415 86938 
40416 86940 
40417 86942 
40418 86944 
40419 86946 
40420 86948 
40421 86950 
40422 86952 
40423 86954 
40424 86956 
40425 86958 
40426 86960 
40427 86962 
40428 86964 
40429 86966 
40430 86968 
40431 86970 
40432 86972 
40433 86974 
40434 86976 
40435 86978 
40436 86980 
40437 86982 
40438 86984 
40439 86986 
40440 86988 
40441 86990 
40442 86992 
40443 86994 
40444 86996 
40445 86998 
40446 87000 
40447 87002 
40448 87004 
40449 87006 
40450 87008 
40451 87010 
40452 87012 
40453 87014 
40454 87016 
40455 87018 
40456 87020 
40457 87022 
40458 87024 
40459 86330 
40460 86332 
40461 85958 
40462 85960 
40463 2914 
40464 2916 
40465 2538 
40466 2188 
40467 1794 
40468 1424 
40469 1038 
40470 284 
40471 207070 
40472 207068 
40473 207066 
40474 205972 
40475 205970 
40476 205968 
40477 205966 
40478 205964 
40479 205962 
40480 205960 
40481 205958 
40482 205956 
40483 205954 
40484 205952 
40485 205950 
40486 205948 
40487 205946 
40488 205944 
40489 205942 
40490 205940 
40491 203082 
40492 203460 
40493 203462 
40494 203464 
40495 203466 
40496 203468 
40497 203470 
40498 203472 
40499 203474 
40500 203476 
40501 203478 
40502 203480 
40503 203482 
40504 203484 
40505 203486 
40506 203488 
40507 203490 
40508 203492 
40509 203494 
40510 203496 
40511 203498 
40512 203500 
40513 203502 
40514 203504 
40515 203506 
40516 203508 
40517 203510 
40518 203512 
40519 203514 
40520 203516 
40521 203518 
40522 203520 
40523 203522 
40524 203524 
40525 203526 
40526 203528 
40527 203530 
40528 203532 
40529 203534 
40530 203536 
40531 203538 
40532 203540 
40533 203542 
40534 203544 
40535 203546 
40536 87872 
40537 140202 
40538 140200 
40539 400074 
40540 400072 
40541 400074 
40542 400076 
40543 400078 
40544 400080 
40545 400082 
40546 400084 
40547 400086 
40548 400088 
40549 400090 
40550 400092 
40551 400094 
40552 400096 
40553 400098 
40554 400100 
40555 400102 
40556 400104 
40557 400106 
40558 400108 
40559 400110 
40560 400112 
40561 400114 
40562 400116 
40563 172950 
40564 139104 
40565 139106 
40566 7367 
40567 7365 
40568 7363 
40569 7361 
40570 7359 
40571 7357 
40572 7355 
40573 7353 
40574 7351 
40575 7349 
40576 6607 
40577 5873 
40578 6019 
40579 6017 
40580 6019 
40581 6021 
40582 6023 
40583 6025 
40584 6027 
40585 6029 
40586 6031 
40587 6033 
40588 6035 
40589 6037 
40590 6039 
40591 6041 
40592 6043 
40593 6045 
40594 6047 
40595 6049 
40596 6051 
40597 6053 
40598 6055 
40599 6057 
40600 6059 
40601 6061 
40602 6063 
40603 6065 
40604 6067 
40605 6069 
40606 6071 
40607 6073 
40608 6075 
40609 6077 
40610 6079 
40611 6081 
40612 10935 
40613 10933 
40614 10931 
40615 10933 
40616 10935 
40617 10937 
40618 10939 
40619 10941 
40620 10943 
40621 6685 
40622 6683 
40623 6681 
40624 6679 
40625 6677 
40626 6675 
40627 6673 
40628 6671 
40629 6669 
40630 6667 
40631 6665 
40632 6663 
40633 6661 
40634 6659 
40635 6657 
40636 6655 
40637 6653 
40638 6651 
40639 6649 
40640 6647 
40641 6645 
40642 6643 
40643 6641 
40644 6639 
40645 6637 
40646 6635 
40647 6633 
40648 6631 
40649 6629 
40650 6627 
40651 6625 
40652 6623 
40653 6621 
40654 6619 
40655 6617 
40656 6615 
40657 6613 
40658 6611 
40659 6613 
40660 6615 
40661 6497 
40662 417808 
40663 417806 
40664 417804 
40665 417806 
40666 417808 
40667 417810 
40668 417812 
40669 417814 
40670 417816 
40671 417818 
40672 417820 
40673 417822 
40674 417824 
40675 417826 
40676 417828 
40677 417830 
40678 417832 
40679 417834 
40680 417836 
40681 417838 
40682 417840 
40683 417842 
40684 417844 
40685 417846 
40686 417848 
40687 417850 
40688 417852 
40689 417854 
40690 417856 
40691 417858 
40692 417860 
40693 417862 
40694 417864 
40695 417866 
40696 417868 
40697 417870 
40698 417872 
40699 417874 
40700 417876 
40701 417878 
40702 417880 
40703 417178 
40704 417180 
40705 417182 
40706 411864 
40707 411438 
40708 411440 
40709 411442 
40710 8155 
40711 8181 
40712 8183 
40713 8185 
40714 8187 
40715 8189 
40716 8191 
40717 8193 
40718 8195 
40719 8197 
40720 8199 
40721 8201 
40722 8203 
40723 8205 
40724 8207 
40725 8209 
40726 8211 
40727 7745 
40728 7747 
40729 7749 
40730 7291 
40731 7293 
40732 5403 
40733 5405 
40734 4967 
40735 4969 
40736 4555 
40737 4121 
40738 3743 
40739 3745 
40740 3747 
40741 3321 
40742 2931 
40743 2933 
40744 2935 
40745 2565 
40746 2203 
40747 2205 
40748 2207 
40749 1805 
40750 1431 
40751 1433 
40752 1043 
40753 1045 
40754 1047 
40755 285 
40756 1275560 
40757 1275558 
40758 1275556 
40759 1275554 
40760 1275552 
40761 1275550 
40762 1275548 
40763 1275546 
40764 1275544 
40765 1275542 
40766 1275540 
40767 1275538 
40768 1275536 
40769 1275534 
40770 1275532 
40771 1275530 
40772 1275528 
40773 1275526 
40774 1275524 
40775 1275522 
40776 1275520 
40777 1275518 
40778 1275516 
40779 1275514 
40780 1275512 
40781 1275510 
40782 1275508 
40783 1275506 
40784 1275508 
40785 1275510 
40786 1275512 
40787 1275514 
40788 1275516 
40789 1275518 
40790 1275520 
40791 1275522 
40792 1275524 
40793 1275526 
40794 1275528 
40795 1275530 
40796 1275532 
40797 1275534 
40798 1275536 
40799 1275538 
40800 1275540 
40801 1275542 
40802 1275544 
40803 1275546 
40804 1275548 
40805 1273142 
40806 1273144 
40807 1273146 
40808 1273148 
40809 1273150 
40810 1273152 
40811 1273154 
40812 1273156 
40813 1273158 
40814 1273160 
40815 1273162 
40816 1273164 
40817 1273166 
40818 1273168 
40819 1273170 
40820 1273172 
40821 1273174 
40822 1273176 
40823 1273178 
40824 1273180 
40825 1273182 
40826 1273184 
40827 1273186 
40828 1273188 
40829 1273190 
40830 1273192 
40831 1273194 
40832 1273196 
40833 1273198 
40834 1273200 
40835 1273202 
40836 1273204 
40837 1273206 
40838 1273208 
40839 1273210 
40840 1273212 
40841 1273214 
40842 1273216 
40843 1273218 
40844 1273220 
40845 1273222 
40846 1273224 
40847 1273226 
40848 1273228 
40849 1273230 
40850 1273232 
40851 1273234 
40852 1273236 
40853 1273238 
40854 1273240 
40855 1273242 
40856 1273244 
40857 7078 
40858 7080 
40859 5902 
40860 6048 
40861 6050 
40862 6052 
40863 6054 
40864 6056 
40865 6058 
40866 6060 
40867 6062 
40868 6064 
40869 6066 
40870 6068 
40871 6070 
40872 6072 
40873 6074 
40874 6076 
40875 6078 
40876 6080 
40877 6082 
40878 6084 
40879 6086 
40880 6088 
40881 6090 
40882 6092 
40883 6094 
40884 6096 
40885 6098 
40886 6100 
40887 6102 
40888 6104 
40889 6106 
40890 6108 
40891 6110 
40892 6112 
40893 6626 
40894 6624 
40895 6622 
40896 6620 
40897 6618 
40898 6616 
40899 6614 
40900 6612 
40901 6610 
40902 6608 
40903 6606 
40904 6604 
40905 6602 
40906 6600 
40907 6598 
40908 6596 
40909 6594 
40910 6592 
40911 6590 
40912 6588 
40913 6586 
40914 6584 
40915 6582 
40916 6580 
40917 6578 
40918 6576 
40919 6574 
40920 6500 
40921 2145253 
40922 2145251 
40923 2145253 
40924 2145255 
40925 2145257 
40926 2145259 
40927 2145261 
40928 2145263 
40929 2145265 
40930 2145267 
40931 2145269 
40932 2145271 
40933 2145273 
40934 2145275 
40935 2145277 
40936 2145279 
40937 2145281 
40938 2145283 
40939 2145285 
40940 2145287 
40941 2145289 
40942 2145291 
40943 2145293 
40944 2145295 
40945 2145297 
40946 2145299 
40947 2145301 
40948 2145303 
40949 2145305 
40950 2145307 
40951 2145309 
40952 2145311 
40953 2145313 
40954 2145315 
40955 2145317 
40956 2145319 
40957 2145321 
40958 2145323 
40959 2145325 
40960 2145327 
40961 2145329 
40962 2145331 
40963 948158 
40964 948156 
40965 948154 
40966 948152 
40967 948150 
40968 948148 
40969 948146 
40970 948144 
40971 948142 
40972 948140 
40973 948138 
40974 948136 
40975 948134 
40976 948132 
40977 948130 
40978 948128 
40979 948126 
40980 948124 
40981 948122 
40982 948120 
40983 948118 
40984 948116 
40985 948114 
40986 948112 
40987 949742 
40988 949740 
40989 949738 
40990 949740 
40991 949742 
40992 949744 
40993 949746 
40994 949748 
40995 32494 
40996 32492 
40997 32490 
40998 8444 
40999 8446 
41000 7976 
41001 7978 
41002 7980 
41003 7546 
41004 7548 
41005 5438 
41006 5440 
41007 4982 
41008 4992 
41009 4990 
41010 4992 
41011 4994 
41012 4996 
41013 4998 
41014 5000 
41015 5002 
41016 5004 
41017 5006 
41018 5008 
41019 5010 
41020 4972 
41021 4974 
41022 4976 
41023 4554 
41024 4556 
41025 4558 
41026 4120 
41027 4122 
41028 4124 
41029 3742 
41030 3324 
41031 2942 
41032 2568 
41033 2210 
41034 2212 
41035 1810 
41036 1812 
41037 1814 
41038 1436 
41039 1046 
41040 1048 
41041 286 
41042 312868 
41043 314786 
41044 314784 
41045 314782 
41046 314780 
41047 314778 
41048 314776 
41049 314774 
41050 314772 
41051 314770 
41052 314768 
41053 314766 
41054 314764 
41055 314762 
41056 314760 
41057 314758 
41058 314756 
41059 314754 
41060 314752 
41061 314750 
41062 314748 
41063 314746 
41064 314744 
41065 314742 
41066 314740 
41067 314738 
41068 314736 
41069 314734 
41070 314732 
41071 314730 
41072 314728 
41073 314726 
41074 314724 
41075 314722 
41076 314720 
41077 314718 
41078 314716 
41079 314714 
41080 314712 
41081 314710 
41082 314708 
41083 314706 
41084 314704 
41085 314702 
41086 314700 
41087 314698 
41088 314696 
41089 314694 
41090 314692 
41091 314690 
41092 314688 
41093 314686 
41094 314684 
41095 314682 
41096 314680 
41097 314678 
41098 314676 
41099 314674 
41100 314672 
41101 314670 
41102 314668 
41103 314666 
41104 314664 
41105 314662 
41106 314660 
41107 314658 
41108 314656 
41109 314654 
41110 314652 
41111 314650 
41112 314648 
41113 314646 
41114 314644 
41115 314642 
41116 314640 
41117 314638 
41118 314636 
41119 314634 
41120 314632 
41121 314630 
41122 314628 
41123 314626 
41124 314624 
41125 314622 
41126 314620 
41127 314618 
41128 314616 
41129 314614 
41130 314612 
41131 314610 
41132 314608 
41133 314606 
41134 314604 
41135 314602 
41136 314600 
41137 314598 
41138 314596 
41139 314594 
41140 314592 
41141 314590 
41142 314588 
41143 314586 
41144 314584 
41145 314582 
41146 314580 
41147 314578 
41148 314576 
41149 314574 
41150 314572 
41151 314570 
41152 314568 
41153 314566 
41154 314564 
41155 314562 
41156 314560 
41157 314558 
41158 314556 
41159 314554 
41160 314552 
41161 314550 
41162 314548 
41163 314546 
41164 314544 
41165 314542 
41166 314540 
41167 314538 
41168 314536 
41169 314534 
41170 314532 
41171 314530 
41172 314528 
41173 314526 
41174 314524 
41175 314522 
41176 314520 
41177 314518 
41178 314516 
41179 314514 
41180 314512 
41181 314510 
41182 314508 
41183 314506 
41184 314504 
41185 314502 
41186 314500 
41187 314498 
41188 314496 
41189 314494 
41190 314492 
41191 314490 
41192 314488 
41193 314486 
41194 314484 
41195 314482 
41196 314480 
41197 314478 
41198 314476 
41199 314474 
41200 314472 
41201 314470 
41202 314468 
41203 314466 
41204 314464 
41205 314462 
41206 314460 
41207 314458 
41208 314456 
41209 314454 
41210 314452 
41211 314450 
41212 314448 
41213 314446 
41214 314444 
41215 314442 
41216 314440 
41217 314438 
41218 314436 
41219 314434 
41220 314432 
41221 314430 
41222 314428 
41223 314426 
41224 314424 
41225 314422 
41226 314420 
41227 314418 
41228 314416 
41229 314414 
41230 314412 
41231 314410 
41232 314408 
41233 314406 
41234 314404 
41235 314402 
41236 314400 
41237 314398 
41238 314396 
41239 314394 
41240 314392 
41241 314390 
41242 314388 
41243 314386 
41244 314384 
41245 314382 
41246 314380 
41247 314378 
41248 314376 
41249 314374 
41250 314372 
41251 314370 
41252 314368 
41253 314366 
41254 314364 
41255 314362 
41256 314360 
41257 314358 
41258 314356 
41259 314354 
41260 314352 
41261 314350 
41262 314348 
41263 314346 
41264 314344 
41265 314342 
41266 314340 
41267 314338 
41268 314336 
41269 314334 
41270 314332 
41271 314330 
41272 314328 
41273 314326 
41274 314324 
41275 314322 
41276 314320 
41277 314318 
41278 314316 
41279 314314 
41280 314312 
41281 314310 
41282 314308 
41283 314306 
41284 314304 
41285 314302 
41286 314300 
41287 314298 
41288 314296 
41289 314294 
41290 314292 
41291 314290 
41292 314288 
41293 314286 
41294 314284 
41295 314282 
41296 314280 
41297 314282 
41298 314284 
41299 314286 
41300 314288 
41301 314290 
41302 314292 
41303 314294 
41304 314296 
41305 314298 
41306 314300 
41307 314302 
41308 314304 
41309 314306 
41310 314308 
41311 314310 
41312 314312 
41313 314314 
41314 314316 
41315 314318 
41316 314320 
41317 314322 
41318 314324 
41319 314326 
41320 314328 
41321 2945 
41322 2947 
41323 2565 
41324 2211 
41325 1813 
41326 1439 
41327 1049 
41328 287 
41329 6554 
41330 6552 
41331 6974 
41332 6972 
41333 6970 
41334 6972 
41335 6974 
41336 6976 
41337 6978 
41338 7356 
41339 7354 
41340 7352 
41341 7350 
41342 7348 
41343 7346 
41344 7344 
41345 7342 
41346 7340 
41347 7338 
41348 7336 
41349 7334 
41350 7332 
41351 7330 
41352 7328 
41353 7326 
41354 7324 
41355 7326 
41356 499736 
41357 7318 
41358 7796 
41359 7794 
41360 7796 
41361 7798 
41362 7800 
41363 8794 
41364 8700 
41365 6058 
41366 6060 
41367 6062 
41368 6064 
41369 6066 
41370 6068 
41371 6070 
41372 6072 
41373 6074 
41374 6076 
41375 6078 
41376 6080 
41377 6082 
41378 6084 
41379 6086 
41380 6088 
41381 6090 
41382 6092 
41383 6094 
41384 6096 
41385 6098 
41386 6100 
41387 6102 
41388 6104 
41389 6106 
41390 6108 
41391 6110 
41392 6112 
41393 6114 
41394 6116 
41395 6118 
41396 6120 
41397 6122 
41398 6124 
41399 6126 
41400 6128 
41401 6130 
41402 6132 
41403 6134 
41404 6136 
41405 6138 
41406 6140 
41407 6142 
41408 6144 
41409 6146 
41410 6148 
41411 6150 
41412 6152 
41413 6154 
41414 6156 
41415 6158 
41416 6160 
41417 6162 
41418 6164 
41419 6166 
41420 6168 
41421 6170 
41422 6172 
41423 6174 
41424 6176 
41425 6178 
41426 6180 
41427 6182 
41428 6184 
41429 6186 
41430 6188 
41431 8658 
41432 8756 
41433 8754 
41434 8752 
41435 8854 
41436 8852 
41437 8850 
41438 862548 
41439 869886 
41440 870428 
41441 870426 
41442 871600 
41443 871598 
41444 5980 
41445 5982 
41446 5984 
41447 5958 
41448 5960 
41449 5962 
41450 5928 
41451 6058 
41452 6056 
41453 6058 
41454 6060 
41455 6062 
41456 6064 
41457 6066 
41458 6068 
41459 6070 
41460 6072 
41461 6074 
41462 6076 
41463 6078 
41464 6080 
41465 6082 
41466 6084 
41467 6086 
41468 6088 
41469 6090 
41470 6092 
41471 6094 
41472 6096 
41473 6098 
41474 6100 
41475 6102 
41476 6104 
41477 6106 
41478 6108 
41479 6110 
41480 6112 
41481 6114 
41482 6116 
41483 6118 
41484 6120 
41485 6122 
41486 6124 
41487 6126 
41488 455848 
41489 453290 
41490 453292 
41491 453294 
41492 452180 
41493 452182 
41494 452184 
41495 452186 
41496 452188 
41497 452190 
41498 452192 
41499 452194 
41500 452196 
41501 452198 
41502 452200 
41503 452202 
41504 452204 
41505 452206 
41506 452208 
41507 452210 
41508 452212 
41509 452214 
41510 452216 
41511 452218 
41512 452220 
41513 452222 
41514 452224 
41515 452226 
41516 452228 
41517 452230 
41518 452232 
41519 452234 
41520 452236 
41521 452238 
41522 452240 
41523 452242 
41524 452244 
41525 452246 
41526 452248 
41527 452250 
41528 452252 
41529 452254 
41530 452256 
41531 452258 
41532 452260 
41533 452262 
41534 452264 
41535 452266 
41536 452268 
41537 452270 
41538 452272 
41539 452274 
41540 452276 
41541 452278 
41542 452280 
41543 452282 
41544 452284 
41545 452286 
41546 452288 
41547 452290 
41548 452292 
41549 452294 
41550 452296 
41551 452298 
41552 452300 
41553 452302 
41554 452304 
41555 452306 
41556 452308 
41557 452310 
41558 452312 
41559 452314 
41560 452316 
41561 452318 
41562 452320 
41563 452322 
41564 452324 
41565 452326 
41566 452328 
41567 452330 
41568 452332 
41569 452334 
41570 452336 
41571 452338 
41572 452340 
41573 452342 
41574 452344 
41575 452346 
41576 452348 
41577 452350 
41578 428972 
41579 428974 
41580 428976 
41581 365842 
41582 364964 
41583 364966 
41584 364080 
41585 364082 
41586 364084 
41587 361898 
41588 361896 
41589 361894 
41590 361892 
41591 361890 
41592 361888 
41593 5458 
41594 5460 
41595 5018 
41596 5020 
41597 4602 
41598 4164 
41599 3782 
41600 3784 
41601 3786 
41602 3356 
41603 2962 
41604 2964 
41605 2966 
41606 2592 
41607 2226 
41608 2228 
41609 2230 
41610 1824 
41611 1446 
41612 1448 
41613 1054 
41614 1056 
41615 1058 
41616 288 
41617 1536526 
41618 1536524 
41619 1536522 
41620 1536524 
41621 1536526 
41622 1536528 
41623 1536530 
41624 766519 
41625 3045101 
41626 766527 
41627 766525 
41628 766527 
41629 766529 
41630 766531 
41631 766533 
41632 766535 
41633 766537 
41634 766539 
41635 766541 
41636 766543 
41637 766545 
41638 766547 
41639 766549 
41640 766551 
41641 766553 
41642 766555 
41643 766557 
41644 766559 
41645 766353 
41646 766395 
41647 766393 
41648 766395 
41649 766757 
41650 766755 
41651 766753 
41652 766751 
41653 766749 
41654 766747 
41655 766749 
41656 766751 
41657 766753 
41658 766755 
41659 766757 
41660 766759 
41661 766761 
41662 766763 
41663 766765 
41664 766767 
41665 766769 
41666 766771 
41667 766773 
41668 766775 
41669 767161 
41670 767159 
41671 767157 
41672 767159 
41673 767161 
41674 767163 
41675 767165 
41676 767167 
41677 767169 
41678 6055 
41679 6065 
41680 6063 
41681 6065 
41682 6067 
41683 6069 
41684 6071 
41685 6073 
41686 6075 
41687 6077 
41688 6079 
41689 6081 
41690 6083 
41691 6085 
41692 6087 
41693 6089 
41694 6091 
41695 6093 
41696 6095 
41697 6097 
41698 6099 
41699 6101 
41700 6103 
41701 6105 
41702 6107 
41703 6109 
41704 6111 
41705 6113 
41706 6115 
41707 6117 
41708 6119 
41709 6121 
41710 6123 
41711 6125 
41712 6127 
41713 6129 
41714 6131 
41715 6133 
41716 6135 
41717 6137 
41718 6139 
41719 6141 
41720 6143 
41721 6145 
41722 6147 
41723 6149 
41724 6151 
41725 6153 
41726 6155 
41727 6157 
41728 6159 
41729 6161 
41730 6163 
41731 6165 
41732 6167 
41733 6169 
41734 6171 
41735 6173 
41736 6175 
41737 6177 
41738 5987 
41739 5989 
41740 5947 
41741 6077 
41742 6079 
41743 6081 
41744 6083 
41745 6085 
41746 6087 
41747 6089 
41748 6091 
41749 6093 
41750 6095 
41751 6097 
41752 6099 
41753 6101 
41754 6103 
41755 6105 
41756 6107 
41757 6109 
41758 6111 
41759 6113 
41760 6115 
41761 6117 
41762 6119 
41763 6121 
41764 6123 
41765 6125 
41766 6127 
41767 6129 
41768 6131 
41769 6133 
41770 6135 
41771 6137 
41772 6139 
41773 6141 
41774 6143 
41775 6145 
41776 6147 
41777 6149 
41778 6707 
41779 6705 
41780 6703 
41781 6701 
41782 6699 
41783 6697 
41784 6695 
41785 6693 
41786 6691 
41787 6689 
41788 6687 
41789 6685 
41790 6683 
41791 6681 
41792 6679 
41793 6677 
41794 6675 
41795 6673 
41796 6671 
41797 6573 
41798 1335347 
41799 1335345 
41800 1335347 
41801 1335349 
41802 1335351 
41803 1335353 
41804 1335355 
41805 1335357 
41806 1335359 
41807 1335361 
41808 1335363 
41809 1335365 
41810 1335367 
41811 1335369 
41812 1335371 
41813 1335373 
41814 1335375 
41815 1335377 
41816 1335379 
41817 1335381 
41818 1335383 
41819 1335385 
41820 1335387 
41821 1335389 
41822 1335391 
41823 1335393 
41824 1335395 
41825 1335397 
41826 1335399 
41827 1335401 
41828 1335403 
41829 1335405 
41830 1335407 
41831 1335409 
41832 1335411 
41833 1335413 
41834 1335415 
41835 1335417 
41836 1335419 
41837 1335421 
41838 1335423 
41839 1335425 
41840 1335427 
41841 1335429 
41842 1335431 
41843 1335433 
41844 1335435 
41845 1335437 
41846 1335439 
41847 1335441 
41848 1335443 
41849 1335445 
41850 1335447 
41851 1335449 
41852 1335451 
41853 1335453 
41854 1335455 
41855 1335457 
41856 1335459 
41857 1335461 
41858 1335463 
41859 1335465 
41860 1335467 
41861 1335469 
41862 1335471 
41863 1335473 
41864 1335475 
41865 1335477 
41866 1335479 
41867 1335481 
41868 1335483 
41869 1335485 
41870 1335487 
41871 1335489 
41872 1335491 
41873 7629 
41874 7631 
41875 7633 
41876 7155 
41877 7157 
41878 7159 
41879 5473 
41880 5475 
41881 5477 
41882 5019 
41883 5021 
41884 5023 
41885 4597 
41886 4599 
41887 4601 
41888 4159 
41889 4161 
41890 4163 
41891 3777 
41892 3355 
41893 3357 
41894 2971 
41895 2593 
41896 2595 
41897 2233 
41898 2235 
41899 1829 
41900 1831 
41901 1833 
41902 1451 
41903 1057 
41904 1059 
41905 289 
41906 22072 
41907 22070 
41908 22468 
41909 22466 
41910 22464 
41911 22866 
41912 22864 
41913 23270 
41914 23672 
41915 23670 
41916 24052 
41917 24050 
41918 24436 
41919 24434 
41920 24432 
41921 24802 
41922 956187 
41923 956185 
41924 956183 
41925 958713 
41926 958711 
41927 958709 
41928 958707 
41929 958705 
41930 958703 
41931 958701 
41932 958699 
41933 958697 
41934 958695 
41935 958693 
41936 958691 
41937 958689 
41938 958687 
41939 958685 
41940 958683 
41941 958681 
41942 958679 
41943 958677 
41944 958675 
41945 958673 
41946 958671 
41947 958669 
41948 958667 
41949 958665 
41950 958663 
41951 958661 
41952 958659 
41953 958657 
41954 958655 
41955 958653 
41956 958651 
41957 958653 
41958 26896 
41959 26898 
41960 26900 
41961 13974 
41962 13976 
41963 13978 
41964 8700 
41965 8702 
41966 7488 
41967 7490 
41968 7216 
41969 7218 
41970 7220 
41971 6490 
41972 6016 
41973 6514 
41974 6512 
41975 6510 
41976 7008 
41977 7006 
41978 7004 
41979 7418 
41980 7416 
41981 7414 
41982 7412 
41983 7410 
41984 7408 
41985 7406 
41986 7404 
41987 7402 
41988 7400 
41989 7398 
41990 7396 
41991 7394 
41992 7392 
41993 7390 
41994 7924 
41995 8454 
41996 8452 
41997 8450 
41998 8452 
41999 8454 
42000 8456 
42001 8458 
42002 8460 
42003 8462 
42004 8464 
42005 8466 
42006 8468 
42007 8470 
42008 8472 
42009 8474 
42010 8476 
42011 8478 
42012 8480 
42013 8482 
42014 8484 
42015 8486 
42016 8488 
42017 8490 
42018 8492 
42019 8494 
42020 8496 
42021 8498 
42022 8500 
42023 8502 
42024 8504 
42025 8506 
42026 8508 
42027 8510 
42028 9504 
42029 371494 
42030 371492 
42031 407766 
42032 407764 
42033 407762 
42034 407764 
42035 407766 
42036 407768 
42037 407770 
42038 407772 
42039 407774 
42040 407776 
42041 407778 
42042 178540 
42043 365810 
42044 365808 
42045 365806 
42046 365808 
42047 365810 
42048 365812 
42049 365814 
42050 365816 
42051 365818 
42052 365820 
42053 365822 
42054 365824 
42055 178562 
42056 178564 
42057 178566 
42058 178568 
42059 178570 
42060 178572 
42061 178574 
42062 178576 
42063 178578 
42064 24864 
42065 24862 
42066 24860 
42067 24858 
42068 24856 
42069 24854 
42070 24852 
42071 25458 
42072 25456 
42073 25454 
42074 25564 
42075 25562 
42076 145364 
42077 145362 
42078 145360 
42079 145358 
42080 145356 
42081 145354 
42082 145352 
42083 145350 
42084 145348 
42085 145346 
42086 145344 
42087 145342 
42088 145340 
42089 145338 
42090 145336 
42091 145334 
42092 145332 
42093 145330 
42094 145328 
42095 145326 
42096 145324 
42097 145322 
42098 145320 
42099 145318 
42100 145316 
42101 145314 
42102 145312 
42103 145310 
42104 145308 
42105 145310 
42106 145312 
42107 24330 
42108 24332 
42109 17126 
42110 17124 
42111 17122 
42112 17120 
42113 17118 
42114 17116 
42115 17114 
42116 17112 
42117 17110 
42118 17108 
42119 17106 
42120 17104 
42121 17102 
42122 17100 
42123 17098 
42124 17096 
42125 17094 
42126 17092 
42127 17090 
42128 17088 
42129 17086 
42130 17084 
42131 17082 
42132 17080 
42133 17078 
42134 17076 
42135 17074 
42136 17072 
42137 17070 
42138 17068 
42139 17066 
42140 17064 
42141 17062 
42142 17060 
42143 17058 
42144 17056 
42145 17054 
42146 17052 
42147 17050 
42148 17048 
42149 17046 
42150 17044 
42151 17042 
42152 17040 
42153 17038 
42154 17036 
42155 17034 
42156 17032 
42157 17030 
42158 17028 
42159 17026 
42160 17024 
42161 17022 
42162 17020 
42163 17018 
42164 17016 
42165 17014 
42166 17016 
42167 17018 
42168 16600 
42169 5506 
42170 5508 
42171 5510 
42172 5044 
42173 5046 
42174 5048 
42175 4626 
42176 4628 
42177 4630 
42178 4180 
42179 4182 
42180 4184 
42181 3794 
42182 3376 
42183 3378 
42184 3380 
42185 2986 
42186 2988 
42187 2990 
42188 2596 
42189 2598 
42190 2600 
42191 2234 
42192 1832 
42193 1454 
42194 1060 
42195 290 
42196 5153239 
42197 4608721 
42198 4608723 
42199 4608725 
42200 4608727 
42201 4608729 
42202 4608731 
42203 4608733 
42204 4608735 
42205 4608737 
42206 4608739 
42207 4608741 
42208 4608743 
42209 4608745 
42210 4608747 
42211 4608749 
42212 4608751 
42213 4608753 
42214 4608755 
42215 4608757 
42216 4608759 
42217 4608761 
42218 4608763 
42219 4608765 
42220 4608767 
42221 4608769 
42222 4608771 
42223 4608773 
42224 4608775 
42225 4608777 
42226 4608779 
42227 4608781 
42228 4608783 
42229 4608785 
42230 4608787 
42231 4608789 
42232 4608791 
42233 4608793 
42234 4608795 
42235 4608797 
42236 4608799 
42237 4608801 
42238 4608803 
42239 4608805 
42240 4608807 
42241 4608809 
42242 4608811 
42243 4608813 
42244 4608815 
42245 4608817 
42246 4608819 
42247 4608821 
42248 4608823 
42249 4608825 
42250 4608827 
42251 4608829 
42252 4608831 
42253 4608833 
42254 4608835 
42255 4608837 
42256 4608839 
42257 4608841 
42258 4608843 
42259 4608845 
42260 4608847 
42261 4608849 
42262 4608851 
42263 4608853 
42264 4608855 
42265 4608857 
42266 4608859 
42267 4608861 
42268 4608863 
42269 4608865 
42270 4608867 
42271 4608869 
42272 4608871 
42273 4608873 
42274 4608875 
42275 1078389 
42276 1078411 
42277 1078409 
42278 1078407 
42279 1078405 
42280 1078403 
42281 1078401 
42282 1078399 
42283 1078401 
42284 1078403 
42285 1078405 
42286 1078407 
42287 1078409 
42288 1078411 
42289 1078413 
42290 1078415 
42291 1078417 
42292 1078419 
42293 1078421 
42294 1078423 
42295 1078425 
42296 1078427 
42297 1078429 
42298 1078431 
42299 1078433 
42300 1078435 
42301 1078437 
42302 1078439 
42303 1078441 
42304 1078443 
42305 1078445 
42306 1078447 
42307 1078449 
42308 1078451 
42309 1078453 
42310 1078455 
42311 1078457 
42312 1078459 
42313 1078461 
42314 1078463 
42315 1078465 
42316 1078467 
42317 1078469 
42318 1078471 
42319 1078473 
42320 1078475 
42321 1078477 
42322 1078479 
42323 1078481 
42324 1078483 
42325 1078485 
42326 1078487 
42327 1078489 
42328 1078491 
42329 1078493 
42330 1078495 
42331 1078497 
42332 1078499 
42333 1078501 
42334 1078503 
42335 1078505 
42336 1078507 
42337 1078509 
42338 1078511 
42339 1078513 
42340 1078515 
42341 1078517 
42342 1078519 
42343 1078521 
42344 1078523 
42345 1078525 
42346 1078527 
42347 1078529 
42348 1078531 
42349 1078533 
42350 1078535 
42351 1078537 
42352 1078539 
42353 1078541 
42354 1078543 
42355 1078545 
42356 1078547 
42357 1078549 
42358 1078551 
42359 1078553 
42360 1078555 
42361 1078557 
42362 1078559 
42363 1078561 
42364 1078563 
42365 1078565 
42366 1078567 
42367 1078569 
42368 1078571 
42369 1078573 
42370 1078575 
42371 1078577 
42372 1078579 
42373 1078581 
42374 1078583 
42375 1078585 
42376 1078587 
42377 1078589 
42378 1078591 
42379 1078593 
42380 1078595 
42381 1078597 
42382 1078599 
42383 1078601 
42384 1078603 
42385 1078605 
42386 1078607 
42387 1078609 
42388 1078611 
42389 1078613 
42390 1078615 
42391 1078617 
42392 1078619 
42393 1078621 
42394 1078623 
42395 1078625 
42396 1078627 
42397 1078629 
42398 1078631 
42399 1078633 
42400 1078635 
42401 1078637 
42402 1078639 
42403 1078641 
42404 1078643 
42405 1078645 
42406 1078647 
42407 1078649 
42408 1078651 
42409 1078653 
42410 1078655 
42411 1078657 
42412 1078659 
42413 1078661 
42414 1078663 
42415 1078665 
42416 1078667 
42417 1078669 
42418 1078671 
42419 1078673 
42420 1078675 
42421 1078677 
42422 1078679 
42423 1078681 
42424 1078683 
42425 1078685 
42426 1078687 
42427 1078689 
42428 1078691 
42429 1078693 
42430 1078695 
42431 1078697 
42432 1078699 
42433 1078701 
42434 1078703 
42435 1078705 
42436 1078707 
42437 1078709 
42438 1078711 
42439 1078713 
42440 1078715 
42441 1078717 
42442 1078719 
42443 1078721 
42444 1078723 
42445 1078725 
42446 1078727 
42447 1078729 
42448 1078731 
42449 1078733 
42450 1078735 
42451 1078737 
42452 1078739 
42453 1078741 
42454 1078743 
42455 1078745 
42456 1078747 
42457 1078749 
42458 1078751 
42459 1078753 
42460 1078755 
42461 1078757 
42462 1078759 
42463 1078761 
42464 1078763 
42465 1078765 
42466 1078767 
42467 1077953 
42468 1077955 
42469 1077957 
42470 4619 
42471 4185 
42472 3807 
42473 3381 
42474 2991 
42475 2993 
42476 2615 
42477 2249 
42478 2251 
42479 2253 
42480 1843 
42481 1461 
42482 1463 
42483 1065 
42484 1067 
42485 1069 
42486 291 
42487 1208822 
42488 1208820 
42489 1208822 
42490 1208824 
42491 1208826 
42492 1208828 
42493 1208830 
42494 1208832 
42495 1208834 
42496 1208836 
42497 1208838 
42498 1208840 
42499 1208842 
42500 1208844 
42501 1208846 
42502 1208848 
42503 1208850 
42504 1208852 
42505 1208854 
42506 1208856 
42507 1208858 
42508 1208860 
42509 1208862 
42510 1208864 
42511 1208866 
42512 1208868 
42513 1208870 
42514 1208872 
42515 1208874 
42516 1208876 
42517 1208878 
42518 1208880 
42519 1208882 
42520 1208884 
42521 1208886 
42522 1208888 
42523 1208890 
42524 1208892 
42525 1208894 
42526 1208896 
42527 1208898 
42528 1208900 
42529 1208902 
42530 1208904 
42531 1208906 
42532 1208908 
42533 1208910 
42534 1208912 
42535 1208914 
42536 1208916 
42537 1208918 
42538 1208920 
42539 1208922 
42540 1208924 
42541 1208926 
42542 1208928 
42543 1208930 
42544 1208932 
42545 1208934 
42546 1208936 
42547 1208938 
42548 1208940 
42549 1208942 
42550 1208944 
42551 1208946 
42552 1208948 
42553 1208950 
42554 1208952 
42555 1208954 
42556 1208956 
42557 1208958 
42558 1208960 
42559 1208962 
42560 1208964 
42561 1208966 
42562 1208968 
42563 1208970 
42564 1208972 
42565 1208974 
42566 1208976 
42567 1208978 
42568 1208980 
42569 1208422 
