1 2 
2 3 
3 3 
4 5 
5 7 
6 11 
7 23 
8 29 
9 89 
10 97 
11 113 
12 127 
13 523 
14 541 
15 887 
16 907 
17 1129 
18 1151 
19 1327 
20 1361 
21 9551 
22 9587 
23 15683 
24 15727 
25 19609 
26 19661 
27 31397 
28 31469 
29 155921 
30 156007 
31 360653 
32 360749 
33 370261 
34 370373 
35 492113 
36 492227 
37 1349533 
38 1349651 
39 1357201 
40 1357333 
41 2010733 
42 2010881 
43 4652353 
44 4652507 
45 17051707 
46 17051887 
47 20831323 
48 20831533 
49 47326693 
50 47326913 
51 122164747 
52 122164969 
53 189695659 
54 189695893 
55 191912783 
56 191913031 
57 387096133 
58 387096383 
59 436273009 
60 436273291 
61 1294268491 
62 1294268779 
63 1453168141 
64 1453168433 
65 2300942549 
66 2300942869 
67 3842610773 
68 3842611109 
69 4302407359 
70 4302407713 
71 10726904659 
72 10726905041 
73 20678048297 
74 20678048681 
75 22367084959 
76 22367085353 
77 25056082087 
78 25056082543 
79 42652618343 
80 42652618807 
81 127976334671 
82 127976335139 
83 182226896239 
84 182226896713 
